date_jour,cp1,Dp1,HEURE_POINTE_1H,cp2,Dp2,HEURE_POINTE_2H,cp3,Dp3,HEURE_POINTE_3H,LENGTH
2023-01-01,93.4,0.06,2023-01-01 05:00:00,96.7,0.03,2023-01-01 04:15:00,97.22,0.02,2023-01-01 02:45:00,296
2023-01-02,97.99,0.02,2023-01-02 04:00:00,98.99,0.01,2023-01-02 03:00:00,99.33,0.01,2023-01-02 02:00:00,296
2023-01-03,92.85,0.06,2023-01-03 12:45:00,98.51,0.01,2023-01-03 11:45:00,100.63,-0.01,2023-01-03 10:45:00,296
2023-01-04,93.85,0.05,2023-01-04 07:30:00,97.97,0.02,2023-01-04 17:15:00,98.75,0.01,2023-01-04 17:30:00,296
2023-01-05,97.57,0.02,2023-01-05 07:15:00,99.31,0.01,2023-01-05 18:30:00,99.68,0.0,2023-01-05 18:45:00,296
2023-01-06,95.52,0.04,2023-01-06 18:00:00,99.22,0.01,2023-01-06 03:15:00,101.47,-0.01,2023-01-06 02:30:00,296
2023-01-07,98.61,0.01,2023-01-07 17:15:00,98.78,0.01,2023-01-07 17:15:00,100.06,-0.0,2023-01-07 17:15:00,296
2023-01-08,94.93,0.04,2023-01-08 17:45:00,97.73,0.02,2023-01-08 17:45:00,99.19,0.01,2023-01-08 02:15:00,296
2023-01-09,97.22,0.02,2023-01-09 22:30:00,102.57,-0.02,2023-01-09 19:00:00,102.47,-0.02,2023-01-09 19:00:00,296
2023-01-10,89.62,0.1,2023-01-10 17:00:00,92.36,0.07,2023-01-10 16:45:00,94.14,0.05,2023-01-10 15:45:00,296
2023-01-11,94.1,0.05,2023-01-11 04:00:00,99.74,0.0,2023-01-11 03:00:00,101.02,-0.01,2023-01-11 02:00:00,296
2023-01-12,73.61,0.3,2023-01-12 17:00:00,82.07,0.18,2023-01-12 16:30:00,87.13,0.12,2023-01-12 15:30:00,296
2023-01-13,94.97,0.04,2023-01-13 02:15:00,98.18,0.02,2023-01-13 02:15:00,101.04,-0.01,2023-01-13 01:30:00,296
2023-01-14,92.71,0.07,2023-01-14 13:15:00,96.44,0.03,2023-01-14 16:45:00,97.86,0.02,2023-01-14 16:30:00,296
2023-01-15,97.22,0.02,2023-01-15 06:30:00,98.61,0.01,2023-01-15 05:30:00,100.17,-0.0,2023-01-15 05:30:00,296
2023-01-16,97.22,0.02,2023-01-16 20:45:00,99.05,0.01,2023-01-16 20:45:00,100.74,-0.01,2023-01-16 01:45:00,296
2023-01-17,93.02,0.06,2023-01-17 17:30:00,94.17,0.05,2023-01-17 17:30:00,97.21,0.02,2023-01-17 17:30:00,296
2023-01-18,97.57,0.02,2023-01-18 19:15:00,100.69,-0.01,2023-01-18 10:00:00,102.0,-0.02,2023-01-18 09:15:00,296
2023-01-19,95.14,0.04,2023-01-19 19:45:00,97.38,0.02,2023-01-19 17:30:00,98.72,0.01,2023-01-19 17:45:00,296
2023-01-20,94.62,0.05,2023-01-20 09:00:00,100.35,-0.0,2023-01-20 21:30:00,100.87,-0.01,2023-01-20 20:45:00,296
2023-01-21,99.31,0.01,2023-01-21 13:00:00,100.0,0.0,2023-01-21 20:00:00,100.0,0.0,2023-01-21 04:00:00,296
2023-01-22,99.31,0.01,2023-01-22 08:45:00,99.65,0.0,2023-01-22 07:45:00,100.69,-0.01,2023-01-22 07:00:00,296
2023-01-23,87.95,0.11,2023-01-23 11:30:00,97.85,0.02,2023-01-23 10:30:00,100.34,-0.0,2023-01-23 11:15:00,296
2023-01-24,99.13,0.01,2023-01-24 16:30:00,103.73,-0.03,2023-01-24 03:30:00,103.13,-0.03,2023-01-24 02:30:00,296
2023-01-25,92.5,0.07,2023-01-25 13:30:00,98.68,0.01,2023-01-25 19:00:00,99.65,0.0,2023-01-25 17:45:00,296
2023-01-26,89.48,0.1,2023-01-26 01:30:00,97.43,0.02,2023-01-26 00:30:00,99.1,0.01,2023-01-26 01:15:00,296
2023-01-27,90.63,0.09,2023-01-27 23:00:00,96.01,0.03,2023-01-27 22:00:00,97.51,0.02,2023-01-27 21:00:00,296
2023-01-28,93.58,0.06,2023-01-28 00:00:00,97.57,0.02,2023-01-28 02:45:00,98.38,0.01,2023-01-28 02:30:00,296
2023-01-29,98.4,0.01,2023-01-29 18:00:00,100.0,0.0,2023-01-29 05:00:00,100.0,0.0,2023-01-29 02:30:00,296
2023-01-30,94.79,0.05,2023-01-30 18:30:00,98.89,0.01,2023-01-30 17:30:00,100.35,-0.0,2023-01-30 01:45:00,296
2023-01-31,90.94,0.08,2023-01-31 06:00:00,96.86,0.03,2023-01-31 05:00:00,97.47,0.02,2023-01-31 04:00:00,296
2023-02-01,96.35,0.03,2023-02-01 02:45:00,98.18,0.02,2023-02-01 02:45:00,101.61,-0.01,2023-02-01 15:45:00,296
2023-02-02,84.03,0.16,2023-02-02 19:30:00,92.36,0.07,2023-02-02 19:15:00,96.89,0.03,2023-02-02 18:15:00,296
2023-02-03,95.59,0.04,2023-02-03 06:45:00,99.98,0.0,2023-02-03 08:30:00,99.37,0.01,2023-02-03 06:45:00,296
2023-02-04,93.16,0.06,2023-02-04 18:45:00,94.67,0.05,2023-02-04 17:45:00,97.37,0.02,2023-02-04 17:30:00,296
2023-02-05,93.06,0.06,2023-02-05 21:00:00,97.45,0.02,2023-02-05 02:45:00,98.3,0.01,2023-02-05 02:45:00,296
2023-02-06,92.71,0.07,2023-02-06 20:00:00,97.88,0.02,2023-02-06 19:00:00,99.31,0.01,2023-02-06 17:45:00,296
2023-02-07,97.05,0.03,2023-02-07 17:45:00,98.26,0.01,2023-02-07 17:45:00,99.99,0.0,2023-02-07 17:00:00,296
2023-02-08,93.61,0.06,2023-02-08 18:30:00,97.85,0.02,2023-02-08 18:30:00,98.8,0.01,2023-02-08 18:30:00,296
2023-02-09,96.18,0.03,2023-02-09 19:00:00,99.01,0.01,2023-02-09 02:45:00,100.96,-0.01,2023-02-09 02:30:00,296
2023-02-10,97.92,0.02,2023-02-10 16:45:00,98.96,0.01,2023-02-10 16:45:00,99.31,0.01,2023-02-10 16:45:00,296
2023-02-11,97.22,0.02,2023-02-11 18:45:00,98.61,0.01,2023-02-11 18:30:00,99.07,0.01,2023-02-11 18:30:00,296
2023-02-12,88.72,0.11,2023-02-12 06:30:00,93.23,0.06,2023-02-12 06:30:00,95.49,0.04,2023-02-12 06:30:00,296
2023-02-13,90.1,0.09,2023-02-13 19:45:00,98.14,0.02,2023-02-13 18:45:00,99.84,0.0,2023-02-13 17:15:00,296
2023-02-14,95.07,0.04,2023-02-14 17:00:00,100.28,-0.0,2023-02-14 16:00:00,102.78,-0.02,2023-02-14 02:30:00,296
2023-02-15,99.48,0.0,2023-02-15 21:15:00,99.74,0.0,2023-02-15 21:15:00,99.86,0.0,2023-02-15 20:30:00,296
2023-02-16,96.35,0.03,2023-02-16 18:00:00,97.92,0.02,2023-02-16 17:45:00,100.51,-0.0,2023-02-16 18:00:00,296
2023-02-17,90.52,0.09,2023-02-17 12:00:00,96.63,0.03,2023-02-17 11:00:00,99.9,0.0,2023-02-17 11:00:00,296
2023-02-18,94.62,0.05,2023-02-18 05:45:00,97.31,0.02,2023-02-18 05:00:00,98.21,0.02,2023-02-18 03:45:00,296
2023-02-19,88.37,0.11,2023-02-19 13:00:00,100.0,0.0,2023-02-19 05:15:00,100.0,0.0,2023-02-19 04:15:00,296
2023-02-20,95.35,0.04,2023-02-20 18:30:00,99.15,0.01,2023-02-20 18:30:00,100.69,-0.01,2023-02-20 01:45:00,296
2023-02-21,97.4,0.02,2023-02-21 03:45:00,100.61,-0.01,2023-02-21 02:45:00,101.1,-0.01,2023-02-21 18:45:00,296
2023-02-22,94.72,0.05,2023-02-22 15:15:00,101.27,-0.01,2023-02-22 17:45:00,101.67,-0.01,2023-02-22 17:00:00,296
2023-02-23,96.15,0.03,2023-02-23 14:00:00,99.79,0.0,2023-02-23 19:15:00,100.79,-0.01,2023-02-23 18:15:00,296
2023-02-24,100.24,-0.0,2023-02-24 17:30:00,100.69,-0.01,2023-02-24 20:15:00,102.22,-0.02,2023-02-24 20:15:00,296
2023-02-25,98.61,0.01,2023-02-25 15:45:00,100.0,0.0,2023-02-25 03:00:00,101.27,-0.01,2023-02-25 19:45:00,296
2023-02-26,89.41,0.1,2023-02-26 15:45:00,98.23,0.02,2023-02-26 15:45:00,98.96,0.01,2023-02-26 03:00:00,296
2023-02-27,94.2,0.05,2023-02-27 18:45:00,98.32,0.01,2023-02-27 18:30:00,98.88,0.01,2023-02-27 18:45:00,296
2023-02-28,97.4,0.02,2023-02-28 22:45:00,101.13,-0.01,2023-02-28 18:30:00,101.56,-0.01,2023-02-28 21:00:00,296
2023-03-01,100.0,0.0,2023-03-01 20:45:00,101.13,-0.01,2023-03-01 20:45:00,102.52,-0.02,2023-03-01 19:15:00,296
2023-03-02,88.72,0.11,2023-03-02 10:30:00,97.26,0.02,2023-03-02 10:15:00,99.37,0.01,2023-03-02 10:15:00,296
2023-03-03,92.88,0.06,2023-03-03 15:00:00,98.87,0.01,2023-03-03 14:30:00,100.6,-0.0,2023-03-03 15:00:00,296
2023-03-04,99.48,0.0,2023-03-04 02:45:00,100.78,-0.01,2023-03-04 02:45:00,101.27,-0.01,2023-03-04 20:45:00,296
2023-03-05,98.61,0.01,2023-03-05 06:00:00,99.31,0.01,2023-03-05 05:30:00,100.0,0.0,2023-03-05 02:00:00,296
2023-03-06,98.47,0.01,2023-03-06 07:45:00,101.39,-0.01,2023-03-06 20:30:00,102.26,-0.02,2023-03-06 15:15:00,296
2023-03-07,97.01,0.03,2023-03-07 12:30:00,100.26,-0.0,2023-03-07 01:45:00,100.93,-0.01,2023-03-07 19:00:00,296
2023-03-08,89.41,0.1,2023-03-08 20:15:00,95.61,0.04,2023-03-08 20:00:00,99.0,0.01,2023-03-08 19:00:00,296
2023-03-09,93.92,0.05,2023-03-09 00:15:00,98.78,0.01,2023-03-09 18:45:00,99.65,0.0,2023-03-09 18:30:00,296
2023-03-10,87.33,0.12,2023-03-10 23:00:00,96.44,0.03,2023-03-10 21:15:00,97.63,0.02,2023-03-10 21:00:00,296
2023-03-11,98.09,0.02,2023-03-11 05:00:00,100.69,-0.01,2023-03-11 04:15:00,101.91,-0.02,2023-03-11 04:15:00,296
2023-03-12,92.71,0.07,2023-03-12 00:45:00,98.04,0.02,2023-03-12 07:30:00,100.25,-0.0,2023-03-12 06:15:00,296
2023-03-13,92.53,0.07,2023-03-13 13:15:00,100.09,-0.0,2023-03-13 20:00:00,101.39,-0.01,2023-03-13 18:30:00,296
2023-03-14,97.67,0.02,2023-03-14 18:00:00,100.4,-0.0,2023-03-14 14:15:00,101.05,-0.01,2023-03-14 13:15:00,296
2023-03-15,89.31,0.1,2023-03-15 17:45:00,98.61,0.01,2023-03-15 17:00:00,101.18,-0.01,2023-03-15 15:30:00,296
2023-03-16,96.67,0.03,2023-03-16 09:15:00,97.27,0.02,2023-03-16 08:15:00,98.9,0.01,2023-03-16 07:30:00,296
2023-03-17,98.61,0.01,2023-03-17 20:00:00,101.65,-0.01,2023-03-17 19:45:00,101.68,-0.01,2023-03-17 19:45:00,296
2023-03-18,98.96,0.01,2023-03-18 15:30:00,100.0,0.0,2023-03-18 18:30:00,100.06,-0.0,2023-03-18 18:45:00,296
2023-03-19,99.65,0.0,2023-03-19 13:45:00,100.0,0.0,2023-03-19 05:15:00,100.0,0.0,2023-03-19 04:15:00,296
2023-03-20,92.57,0.07,2023-03-20 15:45:00,97.95,0.02,2023-03-20 14:15:00,101.15,-0.01,2023-03-20 14:15:00,296
2023-03-21,95.76,0.04,2023-03-21 14:30:00,98.66,0.01,2023-03-21 14:45:00,100.53,-0.0,2023-03-21 14:30:00,296
2023-03-22,98.78,0.01,2023-03-22 15:45:00,100.92,-0.01,2023-03-22 20:15:00,102.69,-0.02,2023-03-22 08:00:00,296
2023-03-23,95.21,0.04,2023-03-23 10:45:00,98.92,0.01,2023-03-23 19:45:00,99.28,0.01,2023-03-23 19:45:00,296
2023-03-24,100.0,0.0,2023-03-24 21:15:00,101.22,-0.01,2023-03-24 20:45:00,102.45,-0.02,2023-03-24 20:45:00,296
2023-03-25,99.55,0.0,2023-03-25 15:15:00,100.0,0.0,2023-03-25 04:00:00,100.46,-0.0,2023-03-25 19:15:00,296
2023-03-26,99.65,0.0,2023-03-26 19:45:00,100.0,0.0,2023-03-26 02:45:00,100.0,0.0,2023-03-26 03:15:00,296
2023-03-27,98.78,0.01,2023-03-27 11:00:00,102.22,-0.02,2023-03-27 21:15:00,102.5,-0.02,2023-03-27 20:00:00,296
2023-03-28,91.46,0.08,2023-03-28 11:00:00,98.39,0.01,2023-03-28 10:00:00,99.31,0.01,2023-03-28 09:00:00,296
2023-03-29,98.78,0.01,2023-03-29 21:00:00,101.6,-0.01,2023-03-29 21:00:00,102.58,-0.02,2023-03-29 12:45:00,296
2023-03-30,98.26,0.01,2023-03-30 22:15:00,103.09,-0.02,2023-03-30 06:30:00,104.71,-0.04,2023-03-30 12:30:00,296
2023-03-31,97.4,0.02,2023-03-31 03:00:00,100.75,-0.01,2023-03-31 21:45:00,103.19,-0.03,2023-03-31 18:30:00,296
2023-04-01,91.67,0.08,2023-04-01 04:00:00,96.27,0.03,2023-04-01 03:00:00,100.37,-0.0,2023-04-01 07:00:00,296
2023-04-02,100.0,0.0,2023-04-02 07:45:00,100.0,0.0,2023-04-02 04:45:00,100.0,0.0,2023-04-02 04:30:00,296
2023-04-03,93.4,0.06,2023-04-03 09:15:00,100.0,0.0,2023-04-03 02:30:00,103.33,-0.03,2023-04-03 02:15:00,296
2023-04-04,96.67,0.03,2023-04-04 17:00:00,98.66,0.01,2023-04-04 21:45:00,99.83,0.0,2023-04-04 20:30:00,296
2023-04-05,89.93,0.09,2023-04-05 11:45:00,97.67,0.02,2023-04-05 11:30:00,98.66,0.01,2023-04-05 12:00:00,296
2023-04-06,99.31,0.01,2023-04-06 13:45:00,100.69,-0.01,2023-04-06 21:15:00,100.93,-0.01,2023-04-06 20:00:00,296
2023-04-07,98.44,0.01,2023-04-07 16:45:00,100.0,0.0,2023-04-07 21:45:00,102.85,-0.02,2023-04-07 14:30:00,296
2023-04-08,92.6,0.07,2023-04-08 13:15:00,100.0,0.0,2023-04-08 04:00:00,100.28,-0.0,2023-04-08 03:30:00,296
2023-04-09,100.0,0.0,2023-04-09 23:00:00,100.52,-0.0,2023-04-09 14:30:00,101.47,-0.01,2023-04-09 13:15:00,296
2023-04-10,97.4,0.02,2023-04-10 21:00:00,100.0,0.0,2023-04-10 03:00:00,100.0,0.0,2023-04-10 02:30:00,296
2023-04-11,98.78,0.01,2023-04-11 00:15:00,100.0,0.0,2023-04-11 02:30:00,102.09,-0.02,2023-04-11 02:30:00,296
2023-04-12,99.31,0.01,2023-04-12 03:45:00,99.65,0.0,2023-04-12 02:45:00,101.5,-0.01,2023-04-12 02:15:00,296
2023-04-13,99.13,0.01,2023-04-13 10:30:00,102.38,-0.02,2023-04-13 09:15:00,102.53,-0.02,2023-04-13 14:45:00,296
2023-04-14,100.0,0.0,2023-04-14 00:00:00,101.13,-0.01,2023-04-14 21:30:00,102.36,-0.02,2023-04-14 21:00:00,296
2023-04-15,89.76,0.1,2023-04-15 03:00:00,97.31,0.02,2023-04-15 02:30:00,101.79,-0.01,2023-04-15 03:00:00,296
2023-04-16,96.7,0.03,2023-04-16 22:45:00,98.35,0.01,2023-04-16 22:00:00,98.9,0.01,2023-04-16 20:45:00,296
2023-04-17,98.26,0.01,2023-04-17 21:00:00,100.61,-0.01,2023-04-17 20:30:00,102.08,-0.02,2023-04-17 21:00:00,296
2023-04-18,100.0,0.0,2023-04-18 02:30:00,100.17,-0.0,2023-04-18 19:30:00,101.13,-0.01,2023-04-18 02:30:00,296
2023-04-19,97.64,0.02,2023-04-19 02:15:00,101.04,-0.01,2023-04-19 01:45:00,101.24,-0.01,2023-04-19 00:00:00,296
2023-04-20,95.63,0.04,2023-04-20 17:30:00,101.08,-0.01,2023-04-20 16:30:00,102.86,-0.02,2023-04-20 16:15:00,296
2023-04-21,93.06,0.06,2023-04-21 10:00:00,99.24,0.01,2023-04-21 10:00:00,100.64,-0.01,2023-04-21 20:45:00,296
2023-04-22,97.4,0.02,2023-04-22 04:30:00,100.95,-0.01,2023-04-22 03:30:00,101.79,-0.01,2023-04-22 04:00:00,296
2023-04-23,98.96,0.01,2023-04-23 23:00:00,100.0,0.0,2023-04-23 02:45:00,100.0,0.0,2023-04-23 02:45:00,296
2023-04-24,95.49,0.04,2023-04-24 04:30:00,99.88,0.0,2023-04-24 22:00:00,99.92,0.0,2023-04-24 21:00:00,296
2023-04-25,98.96,0.01,2023-04-25 21:00:00,101.39,-0.01,2023-04-25 03:00:00,102.78,-0.02,2023-04-25 02:15:00,296
2023-04-26,93.78,0.06,2023-04-26 15:45:00,101.55,-0.01,2023-04-26 15:00:00,102.58,-0.02,2023-04-26 13:45:00,296
2023-04-27,92.88,0.06,2023-04-27 15:30:00,97.5,0.02,2023-04-27 15:00:00,100.44,-0.0,2023-04-27 13:45:00,296
2023-04-28,96.35,0.03,2023-04-28 17:15:00,100.83,-0.01,2023-04-28 17:15:00,102.75,-0.02,2023-04-28 17:15:00,296
2023-04-29,88.37,0.11,2023-04-29 14:15:00,97.12,0.02,2023-04-29 14:15:00,100.05,-0.0,2023-04-29 14:15:00,296
2023-04-30,84.72,0.15,2023-04-30 14:30:00,93.45,0.06,2023-04-30 14:45:00,91.61,0.08,2023-04-30 14:30:00,296
2023-05-01,97.57,0.02,2023-05-01 23:00:00,98.96,0.01,2023-05-01 22:00:00,100.0,0.0,2023-05-01 02:45:00,296
2023-05-02,96.08,0.03,2023-05-02 10:00:00,100.89,-0.01,2023-05-02 14:00:00,102.72,-0.02,2023-05-02 14:15:00,296
2023-05-03,99.93,0.0,2023-05-03 01:00:00,102.8,-0.02,2023-05-03 16:15:00,104.02,-0.03,2023-05-03 15:00:00,296
2023-05-04,99.06,0.01,2023-05-04 15:45:00,101.39,-0.01,2023-05-04 00:15:00,102.2,-0.02,2023-05-04 21:00:00,296
2023-05-05,97.99,0.02,2023-05-05 17:00:00,100.83,-0.01,2023-05-05 17:00:00,101.54,-0.01,2023-05-05 16:30:00,296
2023-05-06,94.27,0.05,2023-05-06 00:15:00,100.69,-0.01,2023-05-06 21:00:00,101.62,-0.01,2023-05-06 19:00:00,296
2023-05-07,99.13,0.01,2023-05-07 15:45:00,99.57,0.0,2023-05-07 14:45:00,99.71,0.0,2023-05-07 13:45:00,296
2023-05-08,98.44,0.01,2023-05-08 00:00:00,99.22,0.01,2023-05-08 00:15:00,99.48,0.0,2023-05-08 00:30:00,296
2023-05-09,91.53,0.08,2023-05-09 14:00:00,97.15,0.02,2023-05-09 13:00:00,100.52,-0.0,2023-05-09 11:15:00,296
2023-05-10,96.42,0.03,2023-05-10 13:45:00,101.16,-0.01,2023-05-10 12:45:00,102.31,-0.02,2023-05-10 20:30:00,296
2023-05-11,97.15,0.02,2023-05-11 17:15:00,101.35,-0.01,2023-05-11 02:45:00,103.07,-0.02,2023-05-11 15:15:00,296
2023-05-12,100.0,0.0,2023-05-12 22:00:00,102.12,-0.02,2023-05-12 21:15:00,104.59,-0.04,2023-05-12 21:00:00,296
2023-05-13,99.31,0.01,2023-05-13 05:30:00,99.65,0.0,2023-05-13 04:15:00,99.77,0.0,2023-05-13 03:15:00,296
2023-05-14,95.83,0.04,2023-05-14 04:15:00,97.92,0.02,2023-05-14 03:45:00,98.61,0.01,2023-05-14 02:30:00,296
2023-05-15,98.3,0.01,2023-05-15 18:00:00,101.48,-0.01,2023-05-15 12:15:00,103.41,-0.03,2023-05-15 12:00:00,296
2023-05-16,95.83,0.04,2023-05-16 21:45:00,97.57,0.02,2023-05-16 20:45:00,99.59,0.0,2023-05-16 21:00:00,296
2023-05-17,100.0,0.0,2023-05-17 23:00:00,101.74,-0.01,2023-05-17 22:00:00,104.41,-0.04,2023-05-17 14:30:00,296
2023-05-18,98.89,0.01,2023-05-18 18:45:00,99.74,0.0,2023-05-18 22:00:00,100.98,-0.01,2023-05-18 02:45:00,296
2023-05-19,101.04,-0.01,2023-05-19 22:45:00,104.51,-0.04,2023-05-19 22:00:00,104.83,-0.04,2023-05-19 21:00:00,296
2023-05-20,100.0,0.0,2023-05-20 00:15:00,100.95,-0.01,2023-05-20 21:30:00,103.15,-0.03,2023-05-20 20:45:00,296
2023-05-21,94.97,0.04,2023-05-21 17:45:00,100.0,0.0,2023-05-21 00:15:00,102.08,-0.02,2023-05-21 00:15:00,296
2023-05-22,96.53,0.03,2023-05-22 17:00:00,101.56,-0.01,2023-05-22 17:15:00,101.68,-0.01,2023-05-22 17:00:00,296
2023-05-23,100.0,0.0,2023-05-23 20:30:00,104.08,-0.03,2023-05-23 20:30:00,104.39,-0.04,2023-05-23 10:30:00,296
2023-05-24,89.69,0.1,2023-05-24 18:30:00,98.0,0.02,2023-05-24 19:15:00,99.17,0.01,2023-05-24 18:30:00,296
2023-05-25,98.44,0.01,2023-05-25 02:30:00,102.0,-0.02,2023-05-25 01:30:00,101.79,-0.01,2023-05-25 01:00:00,296
2023-05-26,100.0,0.0,2023-05-26 20:45:00,100.52,-0.0,2023-05-26 20:45:00,100.93,-0.01,2023-05-26 21:00:00,296
2023-05-27,95.49,0.04,2023-05-27 23:00:00,99.88,0.0,2023-05-27 03:30:00,99.92,0.0,2023-05-27 03:30:00,296
2023-05-28,93.47,0.06,2023-05-28 11:00:00,95.87,0.04,2023-05-28 10:15:00,98.96,0.01,2023-05-28 03:15:00,296
2023-05-29,98.26,0.01,2023-05-29 02:00:00,101.74,-0.01,2023-05-29 01:00:00,102.26,-0.02,2023-05-29 01:45:00,296
2023-05-30,100.56,-0.0,2023-05-30 17:15:00,101.96,-0.02,2023-05-30 17:15:00,104.57,-0.04,2023-05-30 01:00:00,296
2023-05-31,97.74,0.02,2023-05-31 13:30:00,102.93,-0.02,2023-05-31 15:45:00,103.22,-0.03,2023-05-31 01:00:00,296
2023-06-01,94.44,0.05,2023-06-01 21:00:00,101.91,-0.02,2023-06-01 20:00:00,103.74,-0.03,2023-06-01 18:30:00,296
2023-06-02,96.6,0.03,2023-06-02 13:45:00,100.35,-0.0,2023-06-02 20:45:00,102.43,-0.02,2023-06-02 20:30:00,296
2023-06-03,94.27,0.05,2023-06-03 21:45:00,98.78,0.01,2023-06-03 21:00:00,101.1,-0.01,2023-06-03 21:00:00,296
2023-06-04,89.93,0.09,2023-06-04 14:00:00,99.86,0.0,2023-06-04 13:45:00,102.16,-0.02,2023-06-04 14:30:00,296
2023-06-05,87.57,0.12,2023-06-05 08:15:00,93.54,0.06,2023-06-05 08:15:00,96.88,0.03,2023-06-05 08:15:00,296
2023-06-06,96.18,0.03,2023-06-06 02:00:00,101.22,-0.01,2023-06-06 01:00:00,102.81,-0.02,2023-06-06 19:00:00,296
2023-06-07,100.83,-0.01,2023-06-07 11:00:00,103.82,-0.03,2023-06-07 00:00:00,104.18,-0.03,2023-06-07 11:00:00,296
2023-06-08,97.78,0.02,2023-06-08 09:15:00,103.37,-0.03,2023-06-08 09:00:00,105.82,-0.05,2023-06-08 07:30:00,296
2023-06-09,97.74,0.02,2023-06-09 22:45:00,101.98,-0.02,2023-06-09 01:00:00,102.36,-0.02,2023-06-09 00:45:00,296
2023-06-10,98.96,0.01,2023-06-10 13:15:00,100.0,0.0,2023-06-10 03:45:00,100.0,0.0,2023-06-10 03:45:00,296
2023-06-11,97.57,0.02,2023-06-11 13:30:00,100.0,0.0,2023-06-11 03:15:00,100.0,0.0,2023-06-11 02:30:00,296
2023-06-12,92.15,0.07,2023-06-12 09:15:00,96.02,0.03,2023-06-12 07:45:00,97.27,0.02,2023-06-12 07:30:00,296
2023-06-13,99.24,0.01,2023-06-13 20:30:00,100.43,-0.0,2023-06-13 02:15:00,102.43,-0.02,2023-06-13 01:45:00,296
2023-06-14,100.0,0.0,2023-06-14 22:45:00,105.61,-0.04,2023-06-14 12:00:00,106.99,-0.05,2023-06-14 08:45:00,296
2023-06-15,95.38,0.04,2023-06-15 10:30:00,100.82,-0.01,2023-06-15 12:00:00,101.6,-0.01,2023-06-15 12:00:00,296
2023-06-16,96.18,0.03,2023-06-16 22:30:00,98.09,0.02,2023-06-16 22:00:00,101.6,-0.01,2023-06-16 21:00:00,296
2023-06-17,95.14,0.04,2023-06-17 16:30:00,99.83,0.0,2023-06-17 21:45:00,101.59,-0.01,2023-06-17 03:00:00,296
2023-06-18,99.2,0.01,2023-06-18 19:15:00,100.0,0.0,2023-06-18 04:15:00,100.46,-0.0,2023-06-18 03:45:00,296
2023-06-19,90.1,0.09,2023-06-19 02:45:00,95.05,0.04,2023-06-19 01:45:00,96.7,0.03,2023-06-19 00:45:00,296
2023-06-20,103.26,-0.03,2023-06-20 15:30:00,104.91,-0.04,2023-06-20 15:15:00,105.76,-0.05,2023-06-20 15:15:00,296
2023-06-21,96.32,0.03,2023-06-21 08:30:00,102.71,-0.02,2023-06-21 08:30:00,104.16,-0.03,2023-06-21 08:30:00,296
2023-06-22,83.92,0.16,2023-06-22 08:30:00,87.88,0.11,2023-06-22 08:15:00,93.81,0.06,2023-06-22 08:00:00,296
2023-06-23,100.0,0.0,2023-06-23 23:00:00,105.07,-0.04,2023-06-23 08:30:00,106.02,-0.05,2023-06-23 18:45:00,296
2023-06-24,95.42,0.04,2023-06-24 02:45:00,97.71,0.02,2023-06-24 03:00:00,101.71,-0.01,2023-06-24 02:45:00,296
2023-06-25,99.06,0.01,2023-06-25 09:45:00,99.67,0.0,2023-06-25 08:15:00,99.9,0.0,2023-06-25 07:45:00,296
2023-06-26,96.77,0.03,2023-06-26 14:45:00,102.08,-0.02,2023-06-26 16:00:00,102.13,-0.02,2023-06-26 16:15:00,296
2023-06-27,96.98,0.03,2023-06-27 08:00:00,100.45,-0.0,2023-06-27 14:15:00,100.68,-0.01,2023-06-27 14:30:00,296
2023-06-28,100.0,0.0,2023-06-28 20:30:00,101.51,-0.01,2023-06-28 19:30:00,102.72,-0.02,2023-06-28 15:30:00,296
2023-06-29,94.38,0.05,2023-06-29 16:00:00,98.3,0.01,2023-06-29 14:45:00,99.49,0.0,2023-06-29 14:00:00,296
2023-06-30,93.51,0.06,2023-06-30 08:30:00,102.64,-0.02,2023-06-30 13:45:00,103.22,-0.03,2023-06-30 14:45:00,296
2023-07-01,98.16,0.02,2023-07-01 23:00:00,98.21,0.02,2023-07-01 22:00:00,102.97,-0.02,2023-07-01 21:00:00,296
2023-07-02,100.0,0.0,2023-07-02 00:00:00,100.0,0.0,2023-07-02 00:15:00,100.98,-0.01,2023-07-02 02:45:00,296
2023-07-03,97.74,0.02,2023-07-03 00:15:00,101.48,-0.01,2023-07-03 00:45:00,100.98,-0.01,2023-07-03 00:15:00,296
2023-07-04,99.51,0.0,2023-07-04 08:00:00,100.87,-0.01,2023-07-04 14:00:00,102.34,-0.02,2023-07-04 13:00:00,296
2023-07-05,97.74,0.02,2023-07-05 00:00:00,104.22,-0.03,2023-07-05 19:15:00,104.66,-0.04,2023-07-05 19:00:00,296
2023-07-06,97.01,0.03,2023-07-06 10:15:00,102.78,-0.02,2023-07-06 09:45:00,102.57,-0.02,2023-07-06 16:15:00,296
2023-07-07,99.37,0.01,2023-07-07 08:15:00,103.61,-0.03,2023-07-07 19:15:00,106.47,-0.05,2023-07-07 08:15:00,296
2023-07-08,97.22,0.02,2023-07-08 16:00:00,100.0,0.0,2023-07-08 04:00:00,101.41,-0.01,2023-07-08 14:30:00,296
2023-07-09,95.31,0.04,2023-07-09 18:00:00,97.74,0.02,2023-07-09 11:00:00,99.71,0.0,2023-07-09 09:45:00,296
2023-07-10,95.49,0.04,2023-07-10 10:15:00,100.0,0.0,2023-07-10 01:00:00,100.98,-0.01,2023-07-10 01:15:00,296
2023-07-11,91.04,0.08,2023-07-11 08:45:00,97.43,0.02,2023-07-11 13:30:00,99.63,0.0,2023-07-11 14:30:00,296
2023-07-12,94.62,0.05,2023-07-12 20:00:00,100.0,0.0,2023-07-12 17:45:00,100.58,-0.0,2023-07-12 16:15:00,296
2023-07-13,92.19,0.07,2023-07-13 06:45:00,98.51,0.01,2023-07-13 07:00:00,98.77,0.01,2023-07-13 07:00:00,296
2023-07-14,83.78,0.16,2023-07-14 18:30:00,89.46,0.1,2023-07-14 18:30:00,93.44,0.06,2023-07-14 17:30:00,296
2023-07-15,93.75,0.06,2023-07-15 11:45:00,99.08,0.01,2023-07-15 17:30:00,99.27,0.01,2023-07-15 18:15:00,296
2023-07-16,84.65,0.15,2023-07-16 16:00:00,93.45,0.06,2023-07-16 15:15:00,97.28,0.02,2023-07-16 14:15:00,296
2023-07-17,95.66,0.04,2023-07-17 01:15:00,97.83,0.02,2023-07-17 01:15:00,98.55,0.01,2023-07-17 01:15:00,296
2023-07-18,88.58,0.11,2023-07-18 08:00:00,96.2,0.03,2023-07-18 08:00:00,98.81,0.01,2023-07-18 08:00:00,296
2023-07-19,84.48,0.15,2023-07-19 09:15:00,91.41,0.08,2023-07-19 09:15:00,93.51,0.06,2023-07-19 09:30:00,296
2023-07-20,90.63,0.09,2023-07-20 23:00:00,96.74,0.03,2023-07-20 22:00:00,98.83,0.01,2023-07-20 21:00:00,296
2023-07-21,90.52,0.09,2023-07-21 10:45:00,95.23,0.04,2023-07-21 09:15:00,95.56,0.04,2023-07-21 08:45:00,296
2023-07-22,90.63,0.09,2023-07-22 18:00:00,95.71,0.04,2023-07-22 16:45:00,98.18,0.02,2023-07-22 16:30:00,296
2023-07-23,96.53,0.03,2023-07-23 14:15:00,99.22,0.01,2023-07-23 13:15:00,99.76,0.0,2023-07-23 14:30:00,296
2023-07-24,89.62,0.1,2023-07-24 10:30:00,95.76,0.04,2023-07-24 09:15:00,97.96,0.02,2023-07-24 08:45:00,296
2023-07-25,96.11,0.03,2023-07-25 10:00:00,100.66,-0.01,2023-07-25 10:00:00,101.96,-0.02,2023-07-25 08:30:00,296
2023-07-26,89.62,0.1,2023-07-26 16:00:00,94.2,0.05,2023-07-26 16:30:00,96.17,0.03,2023-07-26 15:15:00,296
2023-07-27,94.65,0.05,2023-07-27 17:45:00,97.88,0.02,2023-07-27 17:45:00,99.4,0.01,2023-07-27 17:45:00,296
2023-07-28,94.1,0.05,2023-07-28 13:30:00,98.85,0.01,2023-07-28 13:15:00,101.26,-0.01,2023-07-28 13:15:00,296
2023-07-29,96.35,0.03,2023-07-29 15:00:00,99.05,0.01,2023-07-29 14:45:00,101.27,-0.01,2023-07-29 14:00:00,296
2023-07-30,93.75,0.06,2023-07-30 17:30:00,96.96,0.03,2023-07-30 01:30:00,98.03,0.02,2023-07-30 01:30:00,296
2023-07-31,82.88,0.17,2023-07-31 09:00:00,89.17,0.1,2023-07-31 08:15:00,93.67,0.06,2023-07-31 08:00:00,296
2023-08-01,88.37,0.11,2023-08-01 00:00:00,91.58,0.08,2023-08-01 00:00:00,95.34,0.04,2023-08-01 00:00:00,296
2023-08-02,95.87,0.04,2023-08-02 04:45:00,97.43,0.02,2023-08-02 17:15:00,99.46,0.0,2023-08-02 16:45:00,296
2023-08-03,84.97,0.15,2023-08-03 11:45:00,90.76,0.08,2023-08-03 11:15:00,94.18,0.05,2023-08-03 10:15:00,296
2023-08-04,97.08,0.03,2023-08-04 18:00:00,100.9,-0.01,2023-08-04 17:30:00,101.4,-0.01,2023-08-04 16:15:00,296
2023-08-05,96.11,0.03,2023-08-05 10:00:00,97.92,0.02,2023-08-05 22:00:00,99.36,0.01,2023-08-05 20:45:00,296
2023-08-06,89.24,0.1,2023-08-06 09:00:00,94.7,0.05,2023-08-06 00:15:00,96.47,0.03,2023-08-06 00:00:00,296
2023-08-07,96.28,0.03,2023-08-07 17:45:00,97.69,0.02,2023-08-07 16:45:00,98.99,0.01,2023-08-07 15:45:00,296
2023-08-08,89.41,0.1,2023-08-08 15:00:00,92.48,0.07,2023-08-08 14:00:00,93.77,0.06,2023-08-08 13:00:00,296
2023-08-09,90.52,0.09,2023-08-09 10:30:00,95.19,0.04,2023-08-09 09:15:00,95.84,0.04,2023-08-09 09:00:00,296
2023-08-10,93.82,0.05,2023-08-10 13:15:00,97.92,0.02,2023-08-10 13:15:00,98.84,0.01,2023-08-10 15:45:00,296
2023-08-11,92.88,0.06,2023-08-11 16:30:00,97.2,0.02,2023-08-11 15:30:00,98.54,0.01,2023-08-11 20:00:00,296
2023-08-12,92.6,0.07,2023-08-12 19:30:00,96.93,0.03,2023-08-12 12:30:00,99.4,0.01,2023-08-12 12:30:00,296
2023-08-13,88.54,0.11,2023-08-13 16:15:00,94.84,0.05,2023-08-13 15:15:00,97.3,0.02,2023-08-13 15:45:00,296
2023-08-14,96.91,0.03,2023-08-14 10:30:00,101.35,-0.01,2023-08-14 19:45:00,101.81,-0.01,2023-08-14 18:45:00,296
2023-08-15,96.7,0.03,2023-08-15 17:15:00,97.74,0.02,2023-08-15 16:00:00,100.06,-0.0,2023-08-15 15:45:00,296
2023-08-16,93.92,0.05,2023-08-16 15:15:00,99.62,0.0,2023-08-16 22:00:00,100.65,-0.01,2023-08-16 15:15:00,296
2023-08-17,88.44,0.11,2023-08-17 11:45:00,92.73,0.07,2023-08-17 10:30:00,93.24,0.06,2023-08-17 10:15:00,296
2023-08-18,94.62,0.05,2023-08-18 09:30:00,97.57,0.02,2023-08-18 09:30:00,98.63,0.01,2023-08-18 09:30:00,296
2023-08-19,96.81,0.03,2023-08-19 20:30:00,98.06,0.02,2023-08-19 20:00:00,99.43,0.0,2023-08-19 19:00:00,296
2023-08-20,90.0,0.09,2023-08-20 21:00:00,92.5,0.07,2023-08-20 21:00:00,95.81,0.04,2023-08-20 20:45:00,296
2023-08-21,97.05,0.03,2023-08-21 00:15:00,101.56,-0.01,2023-08-21 21:30:00,102.71,-0.02,2023-08-21 20:45:00,296
2023-08-22,94.13,0.05,2023-08-22 15:15:00,95.85,0.04,2023-08-22 15:15:00,96.91,0.03,2023-08-22 14:45:00,296
2023-08-23,83.33,0.17,2023-08-23 17:15:00,92.19,0.07,2023-08-23 17:15:00,98.33,0.01,2023-08-23 15:15:00,296
2023-08-24,91.32,0.08,2023-08-24 14:45:00,93.3,0.06,2023-08-24 15:00:00,93.83,0.05,2023-08-24 14:45:00,296
2023-08-25,86.11,0.13,2023-08-25 11:30:00,94.77,0.05,2023-08-25 10:30:00,98.94,0.01,2023-08-25 09:30:00,296
2023-08-26,88.26,0.11,2023-08-26 12:30:00,94.44,0.05,2023-08-26 11:15:00,97.01,0.03,2023-08-26 11:15:00,296
2023-08-27,92.29,0.07,2023-08-27 16:15:00,94.41,0.05,2023-08-27 16:30:00,96.53,0.03,2023-08-27 16:15:00,296
2023-08-28,93.58,0.06,2023-08-28 01:45:00,99.22,0.01,2023-08-28 01:15:00,100.0,0.0,2023-08-28 20:45:00,296
2023-08-29,89.93,0.09,2023-08-29 16:00:00,97.22,0.02,2023-08-29 14:45:00,99.2,0.01,2023-08-29 14:15:00,296
2023-08-30,97.19,0.02,2023-08-30 08:00:00,100.0,0.0,2023-08-30 02:00:00,102.43,-0.02,2023-08-30 19:45:00,296
2023-08-31,95.73,0.04,2023-08-31 17:00:00,99.13,0.01,2023-08-31 14:15:00,99.36,0.01,2023-08-31 14:45:00,296
2023-09-01,96.49,0.03,2023-09-01 09:30:00,98.14,0.02,2023-09-01 08:15:00,99.12,0.01,2023-09-01 08:15:00,296
2023-09-02,96.01,0.03,2023-09-02 10:00:00,98.39,0.01,2023-09-02 07:15:00,100.72,-0.01,2023-09-02 08:00:00,296
2023-09-03,99.65,0.0,2023-09-03 00:00:00,100.0,0.0,2023-09-03 03:30:00,100.93,-0.01,2023-09-03 07:15:00,296
2023-09-04,96.35,0.03,2023-09-04 13:15:00,98.84,0.01,2023-09-04 12:15:00,99.17,0.01,2023-09-04 11:15:00,296
2023-09-05,93.09,0.06,2023-09-05 09:30:00,97.01,0.03,2023-09-05 08:30:00,97.56,0.02,2023-09-05 07:30:00,296
2023-09-06,99.51,0.0,2023-09-06 11:45:00,102.26,-0.02,2023-09-06 02:00:00,103.07,-0.02,2023-09-06 01:45:00,296
2023-09-07,99.31,0.01,2023-09-07 07:15:00,102.14,-0.02,2023-09-07 17:30:00,102.59,-0.02,2023-09-07 16:00:00,296
2023-09-08,97.92,0.02,2023-09-08 22:00:00,98.84,0.01,2023-09-08 21:45:00,99.8,0.0,2023-09-08 20:15:00,296
2023-09-09,96.35,0.03,2023-09-09 06:00:00,97.57,0.02,2023-09-09 22:00:00,97.97,0.02,2023-09-09 21:00:00,296
2023-09-10,96.53,0.03,2023-09-10 02:15:00,98.26,0.01,2023-09-10 01:30:00,99.77,0.0,2023-09-10 01:30:00,296
2023-09-11,96.18,0.03,2023-09-11 11:45:00,99.15,0.01,2023-09-11 11:45:00,100.08,-0.0,2023-09-11 11:45:00,296
2023-09-12,97.57,0.02,2023-09-12 22:45:00,99.72,0.0,2023-09-12 16:15:00,102.13,-0.02,2023-09-12 16:00:00,296
2023-09-13,97.08,0.03,2023-09-13 13:15:00,98.18,0.02,2023-09-13 13:15:00,99.98,0.0,2023-09-13 12:15:00,296
2023-09-14,88.75,0.11,2023-09-14 10:00:00,94.97,0.04,2023-09-14 09:00:00,99.51,0.0,2023-09-14 09:00:00,296
2023-09-15,96.25,0.03,2023-09-15 08:45:00,101.75,-0.01,2023-09-15 08:45:00,103.85,-0.03,2023-09-15 08:45:00,296
2023-09-16,86.39,0.13,2023-09-16 22:00:00,90.24,0.09,2023-09-16 22:00:00,92.28,0.07,2023-09-16 21:00:00,296
2023-09-17,96.28,0.03,2023-09-17 23:00:00,98.06,0.02,2023-09-17 22:00:00,99.73,0.0,2023-09-17 15:45:00,296
2023-09-18,92.99,0.06,2023-09-18 09:45:00,97.26,0.02,2023-09-18 19:00:00,99.32,0.01,2023-09-18 18:45:00,296
2023-09-19,91.15,0.08,2023-09-19 02:45:00,97.83,0.02,2023-09-19 02:30:00,101.94,-0.02,2023-09-19 21:00:00,296
2023-09-20,100.0,0.0,2023-09-20 15:45:00,101.94,-0.02,2023-09-20 14:45:00,101.56,-0.01,2023-09-20 13:45:00,296
2023-09-21,96.18,0.03,2023-09-21 18:30:00,98.7,0.01,2023-09-21 12:45:00,100.07,-0.0,2023-09-21 07:30:00,296
2023-09-22,95.28,0.04,2023-09-22 14:30:00,97.2,0.02,2023-09-22 14:30:00,99.61,0.0,2023-09-22 13:15:00,296
2023-09-23,97.47,0.02,2023-09-23 15:30:00,100.0,0.0,2023-09-23 06:30:00,100.41,-0.0,2023-09-23 05:30:00,296
2023-09-24,92.71,0.07,2023-09-24 04:15:00,96.35,0.03,2023-09-24 03:15:00,97.57,0.02,2023-09-24 03:30:00,296
2023-09-25,93.92,0.05,2023-09-25 13:45:00,98.35,0.01,2023-09-25 13:45:00,100.78,-0.01,2023-09-25 13:15:00,296
2023-09-26,94.27,0.05,2023-09-26 21:00:00,97.14,0.02,2023-09-26 20:15:00,98.52,0.01,2023-09-26 19:00:00,296
2023-09-27,83.16,0.17,2023-09-27 15:30:00,94.48,0.05,2023-09-27 14:15:00,98.31,0.01,2023-09-27 13:30:00,296
2023-09-28,88.09,0.11,2023-09-28 09:00:00,93.7,0.06,2023-09-28 09:00:00,94.97,0.04,2023-09-28 09:00:00,296
2023-09-29,97.05,0.03,2023-09-29 02:15:00,97.83,0.02,2023-09-29 02:00:00,99.63,0.0,2023-09-29 02:00:00,296
2023-09-30,90.28,0.09,2023-09-30 15:30:00,97.14,0.02,2023-09-30 03:15:00,98.76,0.01,2023-09-30 13:30:00,296
2023-10-01,90.63,0.09,2023-10-01 14:15:00,96.7,0.03,2023-10-01 14:00:00,96.93,0.03,2023-10-01 14:45:00,296
2023-10-02,98.09,0.02,2023-10-02 08:45:00,100.0,0.0,2023-10-02 00:15:00,100.35,-0.0,2023-10-02 00:00:00,296
2023-10-03,90.31,0.09,2023-10-03 09:30:00,96.28,0.03,2023-10-03 08:30:00,98.28,0.01,2023-10-03 09:15:00,296
2023-10-04,84.44,0.15,2023-10-04 14:15:00,96.04,0.03,2023-10-04 16:30:00,94.35,0.05,2023-10-04 14:15:00,296
2023-10-05,98.75,0.01,2023-10-05 14:15:00,101.3,-0.01,2023-10-05 21:30:00,101.92,-0.02,2023-10-05 12:45:00,296
2023-10-06,84.44,0.15,2023-10-06 03:45:00,95.87,0.04,2023-10-06 02:45:00,99.91,0.0,2023-10-06 01:45:00,296
2023-10-07,90.63,0.09,2023-10-07 00:45:00,96.88,0.03,2023-10-07 00:00:00,102.96,-0.02,2023-10-07 18:45:00,296
2023-10-08,98.78,0.01,2023-10-08 19:45:00,99.39,0.01,2023-10-08 19:45:00,99.62,0.0,2023-10-08 19:45:00,296
2023-10-09,90.87,0.08,2023-10-09 16:45:00,95.14,0.04,2023-10-09 15:45:00,98.98,0.01,2023-10-09 14:45:00,296
2023-10-10,93.65,0.06,2023-10-10 19:30:00,94.08,0.05,2023-10-10 19:00:00,98.84,0.01,2023-10-10 18:15:00,296
2023-10-11,87.12,0.12,2023-10-11 07:30:00,94.62,0.05,2023-10-11 06:45:00,99.02,0.01,2023-10-11 06:15:00,296
2023-10-12,98.3,0.01,2023-10-12 16:15:00,100.3,-0.0,2023-10-12 06:45:00,101.52,-0.01,2023-10-12 07:00:00,296
2023-10-13,92.19,0.07,2023-10-13 04:15:00,98.26,0.01,2023-10-13 02:45:00,99.54,0.0,2023-10-13 02:15:00,296
2023-10-14,93.75,0.06,2023-10-14 15:00:00,97.31,0.02,2023-10-14 14:30:00,99.65,0.0,2023-10-14 15:00:00,296
2023-10-15,89.06,0.1,2023-10-15 06:30:00,96.01,0.03,2023-10-15 07:15:00,97.8,0.02,2023-10-15 04:30:00,296
2023-10-16,85.9,0.14,2023-10-16 15:15:00,92.59,0.07,2023-10-16 15:30:00,92.42,0.07,2023-10-16 15:15:00,296
2023-10-17,90.56,0.09,2023-10-17 13:30:00,94.41,0.05,2023-10-17 12:30:00,96.78,0.03,2023-10-17 15:15:00,296
2023-10-18,86.67,0.13,2023-10-18 09:45:00,91.04,0.08,2023-10-18 19:45:00,94.1,0.05,2023-10-18 18:30:00,296
2023-10-19,88.65,0.11,2023-10-19 13:45:00,96.6,0.03,2023-10-19 20:00:00,97.56,0.02,2023-10-19 20:00:00,296
2023-10-20,90.69,0.09,2023-10-20 17:15:00,94.91,0.04,2023-10-20 17:15:00,96.2,0.03,2023-10-20 17:15:00,296
2023-10-21,87.67,0.12,2023-10-21 11:15:00,94.39,0.05,2023-10-21 10:30:00,98.1,0.02,2023-10-21 11:45:00,296
2023-10-22,97.15,0.02,2023-10-22 13:15:00,98.77,0.01,2023-10-22 19:15:00,99.18,0.01,2023-10-22 19:15:00,296
2023-10-23,89.93,0.09,2023-10-23 19:15:00,97.69,0.02,2023-10-23 19:00:00,98.63,0.01,2023-10-23 17:30:00,296
2023-10-24,91.32,0.08,2023-10-24 21:00:00,96.44,0.03,2023-10-24 18:00:00,95.96,0.04,2023-10-24 18:45:00,296
2023-10-25,96.18,0.03,2023-10-25 21:45:00,98.47,0.01,2023-10-25 13:45:00,99.27,0.01,2023-10-25 13:30:00,296
2023-10-26,92.01,0.07,2023-10-26 08:45:00,94.79,0.05,2023-10-26 07:45:00,96.13,0.03,2023-10-26 07:00:00,296
2023-10-27,89.69,0.1,2023-10-27 10:00:00,92.93,0.06,2023-10-27 17:45:00,96.05,0.03,2023-10-27 17:15:00,296
2023-10-28,95.83,0.04,2023-10-28 11:30:00,98.0,0.02,2023-10-28 02:30:00,99.31,0.01,2023-10-28 02:45:00,296
2023-10-29,95.28,0.04,2023-10-29 18:00:00,98.06,0.02,2023-10-29 17:15:00,99.32,0.01,2023-10-29 06:30:00,296
2023-10-30,86.63,0.13,2023-10-30 02:00:00,95.23,0.04,2023-10-30 01:00:00,95.43,0.04,2023-10-30 00:00:00,296
2023-10-31,98.3,0.01,2023-10-31 18:00:00,99.7,0.0,2023-10-31 17:45:00,101.02,-0.01,2023-10-31 17:15:00,296
2023-11-01,91.32,0.08,2023-11-01 02:15:00,94.62,0.05,2023-11-01 02:15:00,96.41,0.03,2023-11-01 02:15:00,296
2023-11-02,96.15,0.03,2023-11-02 21:00:00,98.87,0.01,2023-11-02 17:00:00,100.09,-0.0,2023-11-02 16:00:00,296
2023-11-03,92.6,0.07,2023-11-03 13:30:00,96.04,0.03,2023-11-03 19:30:00,98.29,0.01,2023-11-03 19:30:00,296
2023-11-04,88.09,0.11,2023-11-04 14:45:00,93.72,0.06,2023-11-04 17:45:00,95.81,0.04,2023-11-04 17:45:00,296
2023-11-05,95.66,0.04,2023-11-05 21:30:00,98.7,0.01,2023-11-05 03:45:00,99.94,0.0,2023-11-05 03:30:00,296
2023-11-06,92.53,0.07,2023-11-06 18:30:00,94.83,0.05,2023-11-06 18:15:00,96.71,0.03,2023-11-06 17:30:00,296
2023-11-07,94.31,0.05,2023-11-07 17:00:00,98.59,0.01,2023-11-07 16:00:00,100.97,-0.01,2023-11-07 15:00:00,296
2023-11-08,80.69,0.2,2023-11-08 08:45:00,87.83,0.12,2023-11-08 08:45:00,90.42,0.09,2023-11-08 08:45:00,296
2023-11-09,85.8,0.14,2023-11-09 02:45:00,94.84,0.05,2023-11-09 16:45:00,96.99,0.03,2023-11-09 00:30:00,296
2023-11-10,88.61,0.11,2023-11-10 17:30:00,94.32,0.05,2023-11-10 16:45:00,95.36,0.04,2023-11-10 16:45:00,296
2023-11-11,94.62,0.05,2023-11-11 06:45:00,96.68,0.03,2023-11-11 09:45:00,99.34,0.01,2023-11-11 18:30:00,296
2023-11-12,91.84,0.07,2023-11-12 21:00:00,96.75,0.03,2023-11-12 20:00:00,98.18,0.02,2023-11-12 19:45:00,296
2023-11-13,93.37,0.06,2023-11-13 17:15:00,96.82,0.03,2023-11-13 07:30:00,98.29,0.01,2023-11-13 07:00:00,296
2023-11-14,94.76,0.05,2023-11-14 11:45:00,98.73,0.01,2023-11-14 09:00:00,99.62,0.0,2023-11-14 09:00:00,296
2023-11-15,94.72,0.05,2023-11-15 17:30:00,97.27,0.02,2023-11-15 16:45:00,98.7,0.01,2023-11-15 15:45:00,296
2023-11-16,90.45,0.09,2023-11-16 16:45:00,92.88,0.06,2023-11-16 16:45:00,94.25,0.05,2023-11-16 16:45:00,296
2023-11-17,93.99,0.05,2023-11-17 16:15:00,97.38,0.02,2023-11-17 16:15:00,98.37,0.01,2023-11-17 16:15:00,296
2023-11-18,90.28,0.09,2023-11-18 17:15:00,93.09,0.06,2023-11-18 16:15:00,95.02,0.04,2023-11-18 16:15:00,296
2023-11-19,92.71,0.07,2023-11-19 15:30:00,95.23,0.04,2023-11-19 15:30:00,98.01,0.02,2023-11-19 15:30:00,296
2023-11-20,90.03,0.09,2023-11-20 17:00:00,93.75,0.06,2023-11-20 16:00:00,95.95,0.04,2023-11-20 15:00:00,296
2023-11-21,97.19,0.02,2023-11-21 09:00:00,97.93,0.02,2023-11-21 15:00:00,99.5,0.0,2023-11-21 11:15:00,296
2023-11-22,88.78,0.11,2023-11-22 17:30:00,92.78,0.06,2023-11-22 17:00:00,94.94,0.04,2023-11-22 16:30:00,296
2023-11-23,91.15,0.08,2023-11-23 03:00:00,96.7,0.03,2023-11-23 15:30:00,98.51,0.01,2023-11-23 15:15:00,296
2023-11-24,89.06,0.1,2023-11-24 16:45:00,94.46,0.05,2023-11-24 16:45:00,100.1,-0.0,2023-11-24 15:30:00,296
2023-11-25,97.64,0.02,2023-11-25 18:15:00,100.0,0.0,2023-11-25 20:30:00,101.04,-0.01,2023-11-25 18:45:00,296
2023-11-26,88.99,0.1,2023-11-26 16:15:00,92.71,0.07,2023-11-26 16:15:00,94.0,0.05,2023-11-26 16:15:00,296
2023-11-27,88.37,0.11,2023-11-27 16:45:00,92.05,0.07,2023-11-27 16:15:00,95.28,0.04,2023-11-27 16:15:00,296
2023-11-28,92.26,0.07,2023-11-28 20:45:00,97.34,0.02,2023-11-28 20:15:00,99.56,0.0,2023-11-28 16:30:00,296
2023-11-29,96.91,0.03,2023-11-29 09:30:00,99.58,0.0,2023-11-29 08:00:00,100.53,-0.0,2023-11-29 08:00:00,296
2023-11-30,92.85,0.06,2023-11-30 17:30:00,93.73,0.06,2023-11-30 17:30:00,94.92,0.04,2023-11-30 16:30:00,296
2023-12-01,92.47,0.07,2023-12-01 17:45:00,95.95,0.04,2023-12-01 17:45:00,97.84,0.02,2023-12-01 16:45:00,296
2023-12-02,94.65,0.05,2023-12-02 13:30:00,96.61,0.03,2023-12-02 06:30:00,98.41,0.01,2023-12-02 06:15:00,296
2023-12-03,92.36,0.07,2023-12-03 08:30:00,96.18,0.03,2023-12-03 07:30:00,99.88,0.0,2023-12-03 20:45:00,296
2023-12-04,88.23,0.11,2023-12-04 16:45:00,89.67,0.1,2023-12-04 16:00:00,92.86,0.06,2023-12-04 16:00:00,296
2023-12-05,84.76,0.15,2023-12-05 17:45:00,91.84,0.07,2023-12-05 16:45:00,97.05,0.03,2023-12-05 17:30:00,296
2023-12-06,96.6,0.03,2023-12-06 17:45:00,101.98,-0.02,2023-12-06 16:45:00,103.46,-0.03,2023-12-06 04:45:00,296
2023-12-07,88.44,0.11,2023-12-07 17:45:00,90.38,0.09,2023-12-07 16:45:00,96.25,0.03,2023-12-07 16:30:00,296
2023-12-08,93.58,0.06,2023-12-08 07:30:00,97.99,0.02,2023-12-08 17:00:00,99.84,0.0,2023-12-08 17:00:00,296
2023-12-09,88.58,0.11,2023-12-09 18:15:00,91.94,0.07,2023-12-09 17:15:00,94.56,0.05,2023-12-09 16:15:00,296
2023-12-10,83.68,0.16,2023-12-10 18:30:00,86.79,0.13,2023-12-10 17:45:00,89.81,0.09,2023-12-10 16:45:00,296
2023-12-11,96.11,0.03,2023-12-11 11:30:00,98.85,0.01,2023-12-11 16:00:00,99.51,0.0,2023-12-11 16:00:00,296
2023-12-12,95.76,0.04,2023-12-12 17:30:00,97.27,0.02,2023-12-12 17:15:00,99.34,0.01,2023-12-12 16:15:00,296
2023-12-13,90.97,0.08,2023-12-13 22:45:00,97.0,0.03,2023-12-13 17:15:00,98.52,0.01,2023-12-13 17:15:00,296
2023-12-14,92.33,0.07,2023-12-14 18:00:00,94.17,0.05,2023-12-14 17:00:00,97.44,0.02,2023-12-14 17:00:00,296
2023-12-15,92.19,0.07,2023-12-15 00:00:00,97.74,0.02,2023-12-15 20:45:00,98.03,0.02,2023-12-15 20:45:00,296
2023-12-16,86.84,0.13,2023-12-16 19:15:00,92.78,0.06,2023-12-16 17:30:00,93.4,0.06,2023-12-16 17:15:00,296
2023-12-17,90.63,0.09,2023-12-17 01:00:00,96.44,0.03,2023-12-17 01:00:00,97.63,0.02,2023-12-17 01:00:00,296
2023-12-18,93.75,0.06,2023-12-18 21:30:00,96.01,0.03,2023-12-18 20:45:00,97.8,0.02,2023-12-18 20:30:00,296
2023-12-19,93.85,0.05,2023-12-19 13:15:00,98.59,0.01,2023-12-19 19:30:00,99.64,0.0,2023-12-19 19:30:00,296
2023-12-20,95.45,0.04,2023-12-20 17:30:00,97.92,0.02,2023-12-20 16:45:00,100.67,-0.01,2023-12-20 06:30:00,296
2023-12-21,93.26,0.06,2023-12-21 16:45:00,96.23,0.03,2023-12-21 13:45:00,98.18,0.02,2023-12-21 14:45:00,296
2023-12-22,92.71,0.07,2023-12-22 00:00:00,96.11,0.03,2023-12-22 18:00:00,98.21,0.02,2023-12-22 16:45:00,296
2023-12-23,96.18,0.03,2023-12-23 13:00:00,99.05,0.01,2023-12-23 12:00:00,99.44,0.0,2023-12-23 12:45:00,296
2023-12-24,91.22,0.08,2023-12-24 08:00:00,95.61,0.04,2023-12-24 07:00:00,97.97,0.02,2023-12-24 01:15:00,296
2023-12-25,88.82,0.1,2023-12-25 19:30:00,93.63,0.06,2023-12-25 18:30:00,97.23,0.02,2023-12-25 18:00:00,296
2023-12-26,91.28,0.08,2023-12-26 17:45:00,97.07,0.03,2023-12-26 18:00:00,96.83,0.03,2023-12-26 17:45:00,296
2023-12-27,93.75,0.06,2023-12-27 19:30:00,98.96,0.01,2023-12-27 19:15:00,101.74,-0.01,2023-12-27 19:00:00,296
2023-12-28,92.53,0.07,2023-12-28 01:15:00,95.14,0.04,2023-12-28 15:15:00,96.82,0.03,2023-12-28 15:00:00,296
2023-12-29,95.63,0.04,2023-12-29 07:00:00,99.98,0.0,2023-12-29 07:30:00,99.71,0.0,2023-12-29 20:30:00,296
2023-12-30,98.09,0.02,2023-12-30 02:30:00,99.83,0.0,2023-12-30 01:45:00,100.84,-0.01,2023-12-30 02:30:00,296
2023-12-31,96.88,0.03,2023-12-31 21:45:00,97.31,0.02,2023-12-31 20:45:00,98.21,0.02,2023-12-31 21:00:00,296
