date_jour,cp1,Dp1,HEURE_POINTE_1H,cp2,Dp2,HEURE_POINTE_2H,cp3,Dp3,HEURE_POINTE_3H,LENGTH
2023-01-01,82.02,0.13,2023-01-01 04:00:00,88.7,0.07,2023-01-01 04:15:00,89.44,0.07,2023-01-01 03:15:00,206
2023-01-02,83.1,0.12,2023-01-02 04:00:00,85.82,0.09,2023-01-02 06:30:00,87.55,0.08,2023-01-02 06:30:00,206
2023-01-03,77.71,0.16,2023-01-03 04:15:00,81.36,0.13,2023-01-03 03:15:00,82.12,0.12,2023-01-03 02:45:00,206
2023-01-04,76.07,0.18,2023-01-04 03:15:00,78.3,0.16,2023-01-04 02:00:00,81.83,0.13,2023-01-04 01:00:00,206
2023-01-05,80.24,0.14,2023-01-05 01:45:00,84.13,0.11,2023-01-05 02:00:00,83.24,0.12,2023-01-05 02:00:00,206
2023-01-06,72.86,0.21,2023-01-06 03:30:00,81.52,0.13,2023-01-06 03:30:00,85.05,0.1,2023-01-06 03:30:00,206
2023-01-07,78.29,0.16,2023-01-07 05:30:00,85.81,0.09,2023-01-07 04:00:00,88.06,0.08,2023-01-07 03:30:00,206
2023-01-08,81.88,0.13,2023-01-08 23:00:00,87.35,0.08,2023-01-08 05:15:00,90.97,0.06,2023-01-08 04:15:00,206
2023-01-09,77.07,0.17,2023-01-09 21:15:00,80.94,0.13,2023-01-09 22:00:00,81.4,0.13,2023-01-09 21:00:00,206
2023-01-10,73.02,0.21,2023-01-10 04:45:00,80.83,0.14,2023-01-10 04:45:00,86.92,0.09,2023-01-10 04:45:00,206
2023-01-11,68.93,0.26,2023-01-11 04:45:00,74.65,0.19,2023-01-11 03:30:00,79.44,0.15,2023-01-11 03:15:00,206
2023-01-12,74.45,0.2,2023-01-12 03:45:00,81.94,0.13,2023-01-12 02:45:00,83.06,0.12,2023-01-12 01:45:00,206
2023-01-13,73.52,0.21,2023-01-13 04:30:00,80.42,0.14,2023-01-13 03:00:00,82.88,0.12,2023-01-13 03:00:00,206
2023-01-14,66.31,0.29,2023-01-14 01:00:00,77.02,0.17,2023-01-14 00:00:00,81.02,0.13,2023-01-14 00:30:00,206
2023-01-15,84.26,0.11,2023-01-15 22:45:00,89.89,0.06,2023-01-15 21:45:00,91.44,0.05,2023-01-15 21:00:00,206
2023-01-16,75.6,0.18,2023-01-16 21:45:00,81.8,0.13,2023-01-16 21:45:00,85.49,0.1,2023-01-16 20:45:00,206
2023-01-17,72.64,0.22,2023-01-17 05:30:00,76.86,0.17,2023-01-17 04:30:00,78.22,0.16,2023-01-17 03:30:00,206
2023-01-18,73.81,0.2,2023-01-18 04:30:00,80.63,0.14,2023-01-18 03:15:00,82.32,0.12,2023-01-18 03:15:00,206
2023-01-19,74.02,0.2,2023-01-19 22:45:00,76.74,0.17,2023-01-19 04:30:00,79.56,0.15,2023-01-19 04:30:00,206
2023-01-20,73.98,0.2,2023-01-20 23:00:00,81.38,0.13,2023-01-20 22:00:00,84.45,0.11,2023-01-20 03:45:00,206
2023-01-21,82.93,0.12,2023-01-21 01:30:00,84.71,0.1,2023-01-21 00:30:00,88.29,0.08,2023-01-21 00:15:00,206
2023-01-22,85.21,0.1,2023-01-22 23:00:00,90.86,0.06,2023-01-22 22:00:00,93.02,0.04,2023-01-22 21:00:00,206
2023-01-23,79.31,0.15,2023-01-23 21:45:00,80.68,0.14,2023-01-23 22:00:00,84.33,0.11,2023-01-23 21:00:00,206
2023-01-24,67.74,0.27,2023-01-24 02:45:00,74.23,0.2,2023-01-24 02:45:00,78.45,0.16,2023-01-24 03:00:00,206
2023-01-25,63.88,0.32,2023-01-25 04:00:00,68.01,0.27,2023-01-25 03:00:00,72.18,0.22,2023-01-25 02:00:00,206
2023-01-26,76.79,0.17,2023-01-26 04:45:00,79.43,0.15,2023-01-26 04:45:00,83.13,0.12,2023-01-26 04:15:00,206
2023-01-27,67.45,0.28,2023-01-27 03:30:00,72.9,0.21,2023-01-27 02:45:00,77.52,0.17,2023-01-27 01:30:00,206
2023-01-28,76.12,0.18,2023-01-28 02:30:00,81.81,0.13,2023-01-28 02:45:00,85.64,0.1,2023-01-28 01:45:00,206
2023-01-29,86.67,0.09,2023-01-29 02:00:00,93.15,0.04,2023-01-29 01:00:00,96.75,0.02,2023-01-29 21:00:00,206
2023-01-30,74.17,0.2,2023-01-30 21:15:00,84.57,0.1,2023-01-30 20:15:00,84.38,0.11,2023-01-30 21:00:00,206
2023-01-31,69.36,0.25,2023-01-31 00:00:00,82.24,0.12,2023-01-31 02:30:00,84.77,0.1,2023-01-31 01:45:00,206
2023-02-01,66.6,0.29,2023-02-01 04:00:00,74.74,0.19,2023-02-01 03:15:00,76.71,0.17,2023-02-01 02:00:00,206
2023-02-02,72.43,0.22,2023-02-02 01:30:00,79.07,0.15,2023-02-02 01:00:00,80.17,0.14,2023-02-02 00:45:00,206
2023-02-03,66.98,0.28,2023-02-03 00:30:00,72.93,0.21,2023-02-03 00:45:00,75.97,0.18,2023-02-03 00:00:00,206
2023-02-04,73.36,0.21,2023-02-04 04:30:00,81.07,0.13,2023-02-04 04:15:00,84.87,0.1,2023-02-04 04:30:00,206
2023-02-05,84.33,0.11,2023-02-05 23:00:00,86.87,0.09,2023-02-05 22:00:00,89.84,0.06,2023-02-05 03:15:00,206
2023-02-06,78.05,0.16,2023-02-06 04:45:00,84.61,0.1,2023-02-06 04:45:00,86.58,0.09,2023-02-06 00:00:00,206
2023-02-07,74.52,0.2,2023-02-07 00:00:00,78.62,0.16,2023-02-07 00:15:00,82.74,0.12,2023-02-07 00:00:00,206
2023-02-08,68.55,0.26,2023-02-08 04:45:00,75.13,0.19,2023-02-08 03:45:00,79.02,0.15,2023-02-08 03:45:00,206
2023-02-09,75.21,0.19,2023-02-09 00:15:00,82.45,0.12,2023-02-09 03:15:00,84.39,0.11,2023-02-09 02:30:00,206
2023-02-10,71.07,0.23,2023-02-10 02:15:00,75.89,0.18,2023-02-10 01:45:00,76.53,0.18,2023-02-10 01:45:00,206
2023-02-11,76.9,0.17,2023-02-11 00:00:00,88.24,0.08,2023-02-11 04:00:00,90.61,0.06,2023-02-11 03:15:00,206
2023-02-12,88.64,0.07,2023-02-12 05:45:00,93.73,0.04,2023-02-12 04:45:00,97.1,0.02,2023-02-12 00:00:00,206
2023-02-13,79.86,0.14,2023-02-13 00:15:00,82.04,0.13,2023-02-13 03:45:00,85.46,0.1,2023-02-13 03:45:00,206
2023-02-14,74.93,0.19,2023-02-14 03:15:00,76.1,0.18,2023-02-14 03:15:00,77.7,0.16,2023-02-14 03:15:00,206
2023-02-15,71.4,0.23,2023-02-15 03:00:00,81.06,0.13,2023-02-15 02:45:00,86.05,0.09,2023-02-15 02:00:00,206
2023-02-16,71.17,0.23,2023-02-16 04:00:00,77.29,0.17,2023-02-16 03:00:00,81.87,0.13,2023-02-16 02:45:00,206
2023-02-17,72.74,0.21,2023-02-17 03:00:00,80.38,0.14,2023-02-17 05:45:00,84.56,0.1,2023-02-17 05:15:00,206
2023-02-18,70.69,0.24,2023-02-18 03:45:00,75.29,0.19,2023-02-18 02:45:00,75.69,0.18,2023-02-18 01:45:00,206
2023-02-19,78.4,0.16,2023-02-19 05:00:00,83.43,0.11,2023-02-19 04:00:00,87.48,0.08,2023-02-19 03:45:00,206
2023-02-20,64.33,0.32,2023-02-20 02:30:00,77.05,0.17,2023-02-20 01:45:00,80.29,0.14,2023-02-20 01:15:00,206
2023-02-21,73.07,0.21,2023-02-21 00:00:00,77.23,0.17,2023-02-21 00:00:00,82.1,0.12,2023-02-21 03:15:00,206
2023-02-22,74.52,0.2,2023-02-22 01:00:00,76.52,0.18,2023-02-22 00:15:00,78.74,0.15,2023-02-22 01:00:00,206
2023-02-23,71.83,0.22,2023-02-23 04:45:00,75.87,0.18,2023-02-23 04:30:00,77.92,0.16,2023-02-23 03:30:00,206
2023-02-24,70.05,0.24,2023-02-24 03:45:00,80.86,0.14,2023-02-24 00:00:00,83.12,0.12,2023-02-24 01:30:00,206
2023-02-25,79.12,0.15,2023-02-25 05:15:00,87.63,0.08,2023-02-25 00:15:00,90.35,0.06,2023-02-25 01:15:00,206
2023-02-26,87.14,0.08,2023-02-26 02:15:00,89.17,0.07,2023-02-26 02:30:00,91.83,0.05,2023-02-26 01:15:00,206
2023-02-27,80.6,0.14,2023-02-27 23:00:00,84.7,0.1,2023-02-27 00:00:00,87.97,0.08,2023-02-27 05:00:00,206
2023-02-28,67.62,0.27,2023-02-28 02:30:00,72.32,0.22,2023-02-28 01:30:00,76.93,0.17,2023-02-28 01:30:00,206
2023-03-01,62.71,0.34,2023-03-01 04:15:00,69.61,0.25,2023-03-01 03:45:00,76.45,0.18,2023-03-01 03:45:00,206
2023-03-02,70.64,0.24,2023-03-02 01:45:00,78.2,0.16,2023-03-02 03:30:00,80.4,0.14,2023-03-02 03:30:00,206
2023-03-03,76.55,0.18,2023-03-03 05:00:00,77.69,0.16,2023-03-03 04:00:00,79.7,0.15,2023-03-03 09:15:00,206
2023-03-04,74.57,0.19,2023-03-04 05:45:00,79.82,0.14,2023-03-04 04:30:00,82.53,0.12,2023-03-04 04:30:00,206
2023-03-05,80.93,0.13,2023-03-05 22:00:00,88.74,0.07,2023-03-05 22:00:00,91.53,0.05,2023-03-05 19:45:00,206
2023-03-06,79.6,0.15,2023-03-06 23:00:00,86.31,0.09,2023-03-06 00:45:00,86.95,0.09,2023-03-06 21:00:00,206
2023-03-07,77.1,0.17,2023-03-07 22:45:00,84.18,0.11,2023-03-07 21:45:00,87.78,0.08,2023-03-07 02:30:00,206
2023-03-08,68.48,0.26,2023-03-08 02:00:00,73.7,0.2,2023-03-08 01:30:00,76.83,0.17,2023-03-08 01:30:00,206
2023-03-09,71.17,0.23,2023-03-09 00:30:00,75.79,0.18,2023-03-09 03:15:00,78.44,0.16,2023-03-09 03:00:00,206
2023-03-10,66.38,0.29,2023-03-10 04:00:00,70.69,0.24,2023-03-10 04:00:00,72.38,0.22,2023-03-10 03:00:00,206
2023-03-11,70.79,0.24,2023-03-11 03:15:00,76.69,0.17,2023-03-11 03:30:00,79.58,0.15,2023-03-11 03:15:00,206
2023-03-12,81.79,0.13,2023-03-12 02:45:00,87.31,0.08,2023-03-12 22:00:00,91.43,0.05,2023-03-12 21:00:00,206
2023-03-13,82.33,0.12,2023-03-13 21:15:00,83.75,0.11,2023-03-13 21:00:00,86.18,0.09,2023-03-13 03:45:00,206
2023-03-14,72.71,0.21,2023-03-14 02:15:00,84.39,0.11,2023-03-14 01:15:00,83.45,0.11,2023-03-14 02:15:00,206
2023-03-15,76.14,0.18,2023-03-15 01:15:00,78.92,0.15,2023-03-15 01:30:00,82.64,0.12,2023-03-15 00:45:00,206
2023-03-16,69.17,0.25,2023-03-16 03:00:00,72.74,0.21,2023-03-16 01:30:00,74.34,0.2,2023-03-16 01:30:00,206
2023-03-17,68.55,0.26,2023-03-17 03:00:00,70.17,0.24,2023-03-17 02:15:00,75.5,0.19,2023-03-17 02:30:00,206
2023-03-18,80.64,0.14,2023-03-18 02:15:00,84.93,0.1,2023-03-18 01:15:00,88.09,0.08,2023-03-18 01:30:00,206
2023-03-19,88.86,0.07,2023-03-19 06:30:00,90.35,0.06,2023-03-19 00:00:00,93.63,0.04,2023-03-19 00:00:00,206
2023-03-20,81.19,0.13,2023-03-20 03:15:00,84.13,0.11,2023-03-20 04:45:00,85.02,0.1,2023-03-20 03:30:00,206
2023-03-21,71.64,0.23,2023-03-21 04:00:00,74.52,0.2,2023-03-21 04:00:00,77.24,0.17,2023-03-21 03:15:00,206
2023-03-22,71.31,0.23,2023-03-22 03:15:00,77.52,0.17,2023-03-22 03:00:00,80.78,0.14,2023-03-22 01:15:00,206
2023-03-23,68.02,0.27,2023-03-23 03:00:00,70.02,0.24,2023-03-23 02:00:00,73.98,0.2,2023-03-23 02:15:00,206
2023-03-24,71.14,0.23,2023-03-24 03:45:00,74.83,0.19,2023-03-24 03:30:00,75.81,0.18,2023-03-24 03:30:00,206
2023-03-25,78.5,0.16,2023-03-25 04:00:00,81.4,0.13,2023-03-25 02:45:00,82.59,0.12,2023-03-25 03:15:00,206
2023-03-26,79.6,0.15,2023-03-26 05:15:00,88.17,0.08,2023-03-26 04:15:00,89.73,0.07,2023-03-26 05:45:00,206
2023-03-27,77.81,0.16,2023-03-27 05:15:00,80.49,0.14,2023-03-27 04:45:00,84.65,0.1,2023-03-27 04:00:00,206
2023-03-28,68.1,0.27,2023-03-28 02:15:00,72.82,0.21,2023-03-28 01:45:00,76.66,0.17,2023-03-28 02:15:00,206
2023-03-29,74.29,0.2,2023-03-29 01:00:00,75.7,0.18,2023-03-29 00:00:00,78.8,0.15,2023-03-29 00:00:00,206
2023-03-30,70.9,0.23,2023-03-30 02:45:00,75.02,0.19,2023-03-30 03:15:00,77.24,0.17,2023-03-30 02:30:00,206
2023-03-31,78.83,0.15,2023-03-31 05:30:00,82.4,0.12,2023-03-31 04:30:00,83.66,0.11,2023-03-31 03:30:00,206
2023-04-01,70.74,0.24,2023-04-01 01:15:00,74.42,0.2,2023-04-01 01:15:00,78.61,0.16,2023-04-01 00:15:00,206
2023-04-02,84.64,0.1,2023-04-02 03:15:00,89.27,0.07,2023-04-02 22:00:00,92.6,0.05,2023-04-02 21:00:00,206
2023-04-03,84.93,0.1,2023-04-03 00:00:00,89.35,0.07,2023-04-03 04:15:00,90.56,0.06,2023-04-03 04:00:00,206
2023-04-04,77.62,0.16,2023-04-04 00:00:00,84.25,0.11,2023-04-04 04:30:00,85.05,0.1,2023-04-04 03:00:00,206
2023-04-05,66.4,0.29,2023-04-05 00:30:00,74.04,0.2,2023-04-05 00:00:00,78.62,0.16,2023-04-05 00:00:00,206
2023-04-06,75.4,0.19,2023-04-06 04:00:00,81.27,0.13,2023-04-06 03:00:00,81.33,0.13,2023-04-06 02:15:00,206
2023-04-07,77.81,0.16,2023-04-07 03:15:00,81.57,0.13,2023-04-07 03:30:00,82.57,0.12,2023-04-07 03:15:00,206
2023-04-08,74.14,0.2,2023-04-08 01:30:00,81.65,0.13,2023-04-08 03:30:00,81.94,0.13,2023-04-08 01:15:00,206
2023-04-09,80.21,0.14,2023-04-09 05:00:00,86.57,0.09,2023-04-09 03:45:00,87.49,0.08,2023-04-09 03:45:00,206
2023-04-10,87.74,0.08,2023-04-10 04:15:00,93.65,0.04,2023-04-10 22:00:00,94.31,0.03,2023-04-10 21:00:00,206
2023-04-11,76.31,0.18,2023-04-11 02:00:00,80.68,0.14,2023-04-11 01:45:00,84.96,0.1,2023-04-11 02:00:00,206
2023-04-12,71.52,0.23,2023-04-12 05:45:00,75.43,0.19,2023-04-12 04:45:00,79.98,0.14,2023-04-12 03:45:00,206
2023-04-13,72.57,0.22,2023-04-13 04:00:00,78.85,0.15,2023-04-13 03:15:00,80.51,0.14,2023-04-13 03:30:00,206
2023-04-14,71.02,0.23,2023-04-14 03:45:00,76.99,0.17,2023-04-14 03:15:00,79.37,0.15,2023-04-14 01:45:00,206
2023-04-15,74.14,0.2,2023-04-15 02:15:00,81.86,0.13,2023-04-15 01:30:00,82.87,0.12,2023-04-15 01:45:00,206
2023-04-16,80.81,0.14,2023-04-16 23:00:00,86.23,0.09,2023-04-16 01:30:00,90.55,0.06,2023-04-16 04:00:00,206
2023-04-17,78.38,0.16,2023-04-17 00:45:00,81.21,0.13,2023-04-17 00:45:00,85.56,0.1,2023-04-17 00:00:00,206
2023-04-18,68.64,0.26,2023-04-18 03:15:00,77.51,0.17,2023-04-18 02:15:00,79.2,0.15,2023-04-18 03:15:00,206
2023-04-19,62.1,0.35,2023-04-19 03:45:00,66.27,0.29,2023-04-19 04:00:00,70.54,0.24,2023-04-19 03:00:00,206
2023-04-20,75.29,0.19,2023-04-20 03:15:00,80.8,0.14,2023-04-20 03:15:00,81.56,0.13,2023-04-20 03:15:00,206
2023-04-21,73.79,0.2,2023-04-21 05:15:00,79.85,0.14,2023-04-21 05:15:00,81.96,0.13,2023-04-21 04:30:00,206
2023-04-22,78.07,0.16,2023-04-22 03:15:00,83.39,0.11,2023-04-22 02:15:00,86.14,0.09,2023-04-22 01:15:00,206
2023-04-23,77.57,0.17,2023-04-23 23:00:00,84.93,0.1,2023-04-23 21:45:00,87.09,0.08,2023-04-23 21:00:00,206
2023-04-24,76.95,0.17,2023-04-24 04:45:00,81.19,0.13,2023-04-24 04:45:00,85.23,0.1,2023-04-24 04:15:00,206
2023-04-25,72.79,0.21,2023-04-25 01:00:00,78.36,0.16,2023-04-25 00:00:00,84.65,0.1,2023-04-25 00:00:00,206
2023-04-26,73.45,0.21,2023-04-26 01:45:00,75.99,0.18,2023-04-26 04:15:00,76.98,0.17,2023-04-26 03:15:00,206
2023-04-27,74.71,0.19,2023-04-27 04:00:00,77.69,0.16,2023-04-27 04:00:00,79.4,0.15,2023-04-27 03:30:00,206
2023-04-28,64.81,0.31,2023-04-28 03:45:00,74.63,0.19,2023-04-28 03:00:00,76.87,0.17,2023-04-28 03:45:00,206
2023-04-29,78.07,0.16,2023-04-29 02:30:00,82.21,0.12,2023-04-29 03:15:00,83.16,0.12,2023-04-29 03:15:00,206
2023-04-30,90.05,0.06,2023-04-30 00:30:00,93.0,0.04,2023-04-30 05:30:00,94.98,0.03,2023-04-30 04:00:00,206
2023-05-01,83.86,0.11,2023-05-01 04:45:00,87.4,0.08,2023-05-01 04:45:00,89.65,0.07,2023-05-01 04:45:00,206
2023-05-02,67.98,0.27,2023-05-02 01:15:00,78.77,0.15,2023-05-02 00:30:00,82.4,0.12,2023-05-02 01:15:00,206
2023-05-03,64.57,0.31,2023-05-03 03:00:00,73.92,0.2,2023-05-03 03:00:00,74.87,0.19,2023-05-03 03:00:00,206
2023-05-04,71.38,0.23,2023-05-04 02:30:00,74.73,0.19,2023-05-04 10:45:00,75.3,0.19,2023-05-04 10:45:00,206
2023-05-05,67.05,0.28,2023-05-05 04:30:00,72.64,0.22,2023-05-05 04:30:00,77.03,0.17,2023-05-05 04:15:00,206
2023-05-06,71.98,0.22,2023-05-06 02:30:00,75.93,0.18,2023-05-06 01:30:00,78.97,0.15,2023-05-06 00:45:00,206
2023-05-07,87.31,0.08,2023-05-07 01:45:00,93.36,0.04,2023-05-07 03:15:00,93.8,0.04,2023-05-07 01:45:00,206
2023-05-08,83.05,0.12,2023-05-08 00:00:00,91.65,0.05,2023-05-08 08:15:00,92.74,0.04,2023-05-08 04:15:00,206
2023-05-09,68.29,0.27,2023-05-09 23:00:00,79.19,0.15,2023-05-09 22:00:00,82.04,0.13,2023-05-09 21:00:00,206
2023-05-10,69.14,0.26,2023-05-10 00:00:00,71.38,0.23,2023-05-10 02:45:00,73.91,0.2,2023-05-10 02:45:00,206
2023-05-11,65.71,0.3,2023-05-11 02:15:00,68.3,0.27,2023-05-11 02:15:00,70.71,0.24,2023-05-11 02:15:00,206
2023-05-12,74.33,0.2,2023-05-12 04:45:00,77.12,0.17,2023-05-12 05:00:00,78.82,0.15,2023-05-12 04:00:00,206
2023-05-13,68.5,0.26,2023-05-13 04:45:00,79.56,0.15,2023-05-13 04:45:00,80.26,0.14,2023-05-13 02:45:00,206
2023-05-14,85.71,0.1,2023-05-14 03:30:00,90.7,0.06,2023-05-14 22:00:00,93.97,0.04,2023-05-14 06:45:00,206
2023-05-15,59.57,0.39,2023-05-15 03:30:00,69.06,0.26,2023-05-15 03:30:00,72.84,0.21,2023-05-15 01:30:00,206
2023-05-16,67.29,0.28,2023-05-16 04:30:00,76.19,0.18,2023-05-16 01:15:00,78.71,0.15,2023-05-16 02:30:00,206
2023-05-17,75.38,0.19,2023-05-17 00:00:00,81.36,0.13,2023-05-17 00:00:00,82.55,0.12,2023-05-17 01:30:00,206
2023-05-18,81.86,0.13,2023-05-18 01:30:00,88.23,0.08,2023-05-18 03:45:00,89.16,0.07,2023-05-18 01:30:00,206
2023-05-19,70.19,0.24,2023-05-19 00:45:00,73.45,0.21,2023-05-19 00:45:00,74.4,0.2,2023-05-19 00:45:00,206
2023-05-20,72.43,0.22,2023-05-20 02:45:00,76.33,0.18,2023-05-20 02:00:00,80.87,0.14,2023-05-20 01:15:00,206
2023-05-21,87.76,0.08,2023-05-21 05:00:00,92.48,0.05,2023-05-21 04:15:00,93.8,0.04,2023-05-21 03:00:00,206
2023-05-22,64.62,0.31,2023-05-22 02:30:00,78.29,0.16,2023-05-22 01:45:00,81.1,0.13,2023-05-22 00:30:00,206
2023-05-23,70.71,0.24,2023-05-23 04:00:00,71.96,0.22,2023-05-23 03:15:00,75.9,0.18,2023-05-23 03:15:00,206
2023-05-24,69.71,0.25,2023-05-24 04:15:00,75.29,0.19,2023-05-24 03:15:00,78.45,0.16,2023-05-24 02:15:00,206
2023-05-25,69.5,0.25,2023-05-25 03:30:00,76.01,0.18,2023-05-25 00:30:00,77.04,0.17,2023-05-25 01:15:00,206
2023-05-26,72.74,0.21,2023-05-26 02:00:00,74.18,0.2,2023-05-26 01:30:00,74.9,0.19,2023-05-26 01:30:00,206
2023-05-27,73.43,0.21,2023-05-27 04:00:00,75.88,0.18,2023-05-27 03:00:00,76.87,0.17,2023-05-27 02:00:00,206
2023-05-28,80.17,0.14,2023-05-28 02:45:00,87.98,0.08,2023-05-28 02:00:00,90.12,0.06,2023-05-28 00:15:00,206
2023-05-29,86.55,0.09,2023-05-29 03:00:00,86.81,0.09,2023-05-29 02:00:00,91.06,0.06,2023-05-29 01:15:00,206
2023-05-30,73.86,0.2,2023-05-30 01:00:00,80.24,0.14,2023-05-30 09:00:00,83.63,0.11,2023-05-30 09:00:00,206
2023-05-31,65.95,0.29,2023-05-31 03:30:00,70.79,0.24,2023-05-31 02:30:00,72.63,0.22,2023-05-31 01:30:00,206
2023-06-01,74.17,0.2,2023-06-01 02:30:00,79.75,0.15,2023-06-01 01:30:00,82.1,0.12,2023-06-01 00:30:00,206
2023-06-02,73.21,0.21,2023-06-02 02:30:00,79.23,0.15,2023-06-02 01:30:00,82.91,0.12,2023-06-02 01:30:00,206
2023-06-03,80.74,0.14,2023-06-03 00:45:00,81.85,0.13,2023-06-03 00:45:00,85.06,0.1,2023-06-03 03:45:00,206
2023-06-04,75.24,0.19,2023-06-04 03:00:00,81.76,0.13,2023-06-04 02:45:00,87.64,0.08,2023-06-04 02:30:00,206
2023-06-05,80.76,0.14,2023-06-05 05:30:00,84.44,0.11,2023-06-05 04:30:00,84.46,0.11,2023-06-05 03:15:00,206
2023-06-06,77.48,0.17,2023-06-06 02:45:00,81.61,0.13,2023-06-06 03:15:00,81.95,0.13,2023-06-06 03:00:00,206
2023-06-07,71.95,0.22,2023-06-07 03:45:00,79.0,0.15,2023-06-07 03:00:00,82.42,0.12,2023-06-07 02:00:00,206
2023-06-08,77.4,0.17,2023-06-08 05:30:00,81.8,0.13,2023-06-08 04:30:00,83.05,0.12,2023-06-08 03:30:00,206
2023-06-09,74.71,0.19,2023-06-09 05:15:00,79.49,0.15,2023-06-09 05:15:00,81.19,0.13,2023-06-09 04:15:00,206
2023-06-10,71.5,0.23,2023-06-10 03:45:00,77.9,0.16,2023-06-10 04:15:00,81.02,0.13,2023-06-10 04:00:00,206
2023-06-11,79.45,0.15,2023-06-11 00:00:00,85.11,0.1,2023-06-11 02:45:00,87.19,0.08,2023-06-11 02:45:00,206
2023-06-12,83.12,0.12,2023-06-12 21:15:00,87.35,0.08,2023-06-12 20:30:00,89.0,0.07,2023-06-12 20:45:00,206
2023-06-13,74.43,0.2,2023-06-13 05:00:00,77.45,0.17,2023-06-13 04:15:00,82.59,0.12,2023-06-13 03:15:00,206
2023-06-14,69.52,0.25,2023-06-14 04:15:00,73.52,0.21,2023-06-14 03:30:00,76.55,0.18,2023-06-14 03:30:00,206
2023-06-15,72.95,0.21,2023-06-15 00:15:00,78.85,0.15,2023-06-15 00:15:00,80.35,0.14,2023-06-15 00:15:00,206
2023-06-16,66.62,0.29,2023-06-16 02:30:00,73.88,0.2,2023-06-16 02:30:00,74.99,0.19,2023-06-16 02:15:00,206
2023-06-17,78.31,0.16,2023-06-17 04:00:00,81.37,0.13,2023-06-17 04:30:00,82.63,0.12,2023-06-17 04:30:00,206
2023-06-18,84.81,0.1,2023-06-18 22:30:00,91.83,0.05,2023-06-18 22:00:00,93.62,0.04,2023-06-18 02:45:00,206
2023-06-19,73.21,0.21,2023-06-19 23:00:00,78.96,0.15,2023-06-19 02:45:00,83.75,0.11,2023-06-19 21:00:00,206
2023-06-20,77.1,0.17,2023-06-20 02:30:00,79.48,0.15,2023-06-20 02:15:00,83.51,0.11,2023-06-20 01:00:00,206
2023-06-21,71.98,0.22,2023-06-21 04:30:00,79.95,0.14,2023-06-21 04:30:00,81.67,0.13,2023-06-21 03:00:00,206
2023-06-22,65.4,0.3,2023-06-22 03:30:00,73.56,0.21,2023-06-22 02:30:00,79.29,0.15,2023-06-22 02:15:00,206
2023-06-23,73.52,0.21,2023-06-23 03:30:00,79.82,0.14,2023-06-23 02:30:00,83.02,0.12,2023-06-23 03:00:00,206
2023-06-24,71.1,0.23,2023-06-24 02:30:00,76.52,0.18,2023-06-24 02:30:00,78.21,0.16,2023-06-24 02:30:00,206
2023-06-25,86.5,0.09,2023-06-25 03:15:00,88.61,0.07,2023-06-25 02:30:00,91.93,0.05,2023-06-25 02:45:00,206
2023-06-26,83.93,0.11,2023-06-26 12:00:00,86.55,0.09,2023-06-26 11:30:00,88.67,0.07,2023-06-26 11:45:00,206
2023-06-27,74.21,0.2,2023-06-27 03:15:00,76.65,0.17,2023-06-27 03:15:00,78.49,0.16,2023-06-27 02:30:00,206
2023-06-28,74.26,0.2,2023-06-28 01:00:00,75.23,0.19,2023-06-28 00:45:00,78.78,0.15,2023-06-28 00:45:00,206
2023-06-29,71.0,0.23,2023-06-29 01:00:00,77.12,0.17,2023-06-29 01:15:00,78.58,0.16,2023-06-29 01:15:00,206
2023-06-30,73.31,0.21,2023-06-30 03:45:00,77.02,0.17,2023-06-30 08:45:00,78.35,0.16,2023-06-30 08:15:00,206
2023-07-01,75.76,0.18,2023-07-01 02:00:00,77.52,0.17,2023-07-01 01:00:00,80.72,0.14,2023-07-01 00:45:00,206
2023-07-02,82.64,0.12,2023-07-02 21:45:00,89.99,0.06,2023-07-02 20:45:00,90.68,0.06,2023-07-02 19:45:00,206
2023-07-03,85.5,0.1,2023-07-03 23:00:00,89.5,0.07,2023-07-03 13:30:00,89.52,0.07,2023-07-03 21:00:00,206
2023-07-04,74.6,0.19,2023-07-04 02:00:00,80.98,0.13,2023-07-04 01:00:00,82.13,0.12,2023-07-04 00:00:00,206
2023-07-05,70.76,0.24,2023-07-05 03:30:00,75.65,0.18,2023-07-05 02:45:00,78.17,0.16,2023-07-05 01:15:00,206
2023-07-06,76.74,0.17,2023-07-06 04:45:00,77.63,0.16,2023-07-06 03:30:00,80.68,0.14,2023-07-06 03:30:00,206
2023-07-07,71.12,0.23,2023-07-07 01:15:00,78.0,0.16,2023-07-07 00:45:00,81.35,0.13,2023-07-07 01:15:00,206
2023-07-08,73.48,0.21,2023-07-08 04:00:00,76.4,0.18,2023-07-08 04:15:00,78.1,0.16,2023-07-08 02:15:00,206
2023-07-09,77.6,0.16,2023-07-09 02:15:00,84.04,0.11,2023-07-09 01:30:00,90.31,0.06,2023-07-09 01:15:00,206
2023-07-10,78.52,0.16,2023-07-10 05:00:00,84.99,0.1,2023-07-10 04:45:00,85.9,0.09,2023-07-10 02:45:00,206
2023-07-11,70.07,0.24,2023-07-11 04:45:00,75.01,0.19,2023-07-11 04:00:00,78.0,0.16,2023-07-11 04:00:00,206
2023-07-12,75.24,0.19,2023-07-12 01:00:00,80.3,0.14,2023-07-12 01:00:00,81.76,0.13,2023-07-12 01:00:00,206
2023-07-13,63.93,0.32,2023-07-13 03:15:00,74.13,0.2,2023-07-13 02:15:00,77.6,0.16,2023-07-13 01:45:00,206
2023-07-14,80.1,0.14,2023-07-14 22:45:00,86.67,0.09,2023-07-14 02:45:00,89.44,0.07,2023-07-14 02:45:00,206
2023-07-15,77.52,0.17,2023-07-15 02:45:00,77.82,0.16,2023-07-15 02:45:00,83.91,0.11,2023-07-15 01:45:00,206
2023-07-16,87.1,0.08,2023-07-16 05:30:00,90.1,0.06,2023-07-16 04:45:00,91.02,0.06,2023-07-16 06:15:00,206
2023-07-17,81.74,0.13,2023-07-17 20:30:00,87.79,0.08,2023-07-17 04:30:00,89.39,0.07,2023-07-17 02:45:00,206
2023-07-18,67.88,0.27,2023-07-18 03:30:00,74.15,0.2,2023-07-18 03:45:00,76.79,0.17,2023-07-18 02:45:00,206
2023-07-19,72.43,0.22,2023-07-19 04:30:00,81.27,0.13,2023-07-19 04:00:00,83.76,0.11,2023-07-19 00:00:00,206
2023-07-20,79.07,0.15,2023-07-20 04:30:00,80.8,0.14,2023-07-20 03:45:00,82.88,0.12,2023-07-20 03:15:00,206
2023-07-21,74.12,0.2,2023-07-21 01:15:00,78.19,0.16,2023-07-21 03:00:00,78.95,0.15,2023-07-21 01:15:00,206
2023-07-22,81.81,0.13,2023-07-22 02:15:00,84.46,0.11,2023-07-22 01:45:00,85.92,0.09,2023-07-22 01:45:00,206
2023-07-23,72.64,0.22,2023-07-23 04:15:00,79.26,0.15,2023-07-23 03:30:00,82.71,0.12,2023-07-23 02:15:00,206
2023-07-24,77.21,0.17,2023-07-24 23:00:00,79.82,0.14,2023-07-24 20:45:00,80.29,0.14,2023-07-24 21:00:00,206
2023-07-25,69.33,0.25,2023-07-25 01:15:00,72.31,0.22,2023-07-25 00:30:00,75.09,0.19,2023-07-25 00:30:00,206
2023-07-26,76.86,0.17,2023-07-26 04:00:00,79.74,0.15,2023-07-26 04:00:00,82.32,0.12,2023-07-26 03:45:00,206
2023-07-27,81.02,0.13,2023-07-27 00:00:00,84.65,0.1,2023-07-27 05:45:00,84.72,0.1,2023-07-27 00:00:00,206
2023-07-28,74.05,0.2,2023-07-28 03:00:00,76.68,0.17,2023-07-28 03:00:00,80.95,0.13,2023-07-28 03:15:00,206
2023-07-29,80.95,0.13,2023-07-29 01:45:00,84.65,0.1,2023-07-29 03:15:00,86.51,0.09,2023-07-29 01:45:00,206
2023-07-30,85.6,0.1,2023-07-30 04:00:00,89.98,0.06,2023-07-30 03:00:00,91.32,0.05,2023-07-30 02:00:00,206
2023-07-31,80.79,0.14,2023-07-31 23:00:00,85.11,0.1,2023-07-31 22:00:00,87.97,0.08,2023-07-31 21:00:00,206
2023-08-01,73.76,0.2,2023-08-01 04:15:00,79.67,0.15,2023-08-01 04:15:00,80.4,0.14,2023-08-01 04:15:00,206
2023-08-02,71.19,0.23,2023-08-02 05:15:00,76.96,0.17,2023-08-02 04:30:00,79.47,0.15,2023-08-02 03:45:00,206
2023-08-03,77.1,0.17,2023-08-03 01:30:00,79.64,0.15,2023-08-03 01:30:00,83.24,0.12,2023-08-03 00:30:00,206
2023-08-04,74.9,0.19,2023-08-04 03:00:00,77.86,0.16,2023-08-04 03:00:00,79.66,0.15,2023-08-04 01:00:00,206
2023-08-05,75.79,0.18,2023-08-05 01:30:00,79.88,0.14,2023-08-05 01:30:00,82.95,0.12,2023-08-05 01:30:00,206
2023-08-06,69.29,0.25,2023-08-06 04:15:00,79.87,0.14,2023-08-06 03:30:00,86.44,0.09,2023-08-06 03:00:00,206
2023-08-07,81.69,0.13,2023-08-07 08:45:00,87.37,0.08,2023-08-07 03:30:00,88.27,0.08,2023-08-07 03:30:00,206
2023-08-08,72.95,0.21,2023-08-08 04:00:00,78.42,0.16,2023-08-08 04:00:00,79.44,0.15,2023-08-08 03:45:00,206
2023-08-09,77.9,0.16,2023-08-09 01:15:00,81.94,0.13,2023-08-09 01:00:00,83.71,0.11,2023-08-09 01:45:00,206
2023-08-10,67.98,0.27,2023-08-10 05:15:00,75.38,0.19,2023-08-10 05:00:00,80.96,0.13,2023-08-10 00:30:00,206
2023-08-11,75.14,0.19,2023-08-11 05:45:00,79.76,0.14,2023-08-11 04:15:00,79.88,0.14,2023-08-11 03:30:00,206
2023-08-12,69.93,0.25,2023-08-12 05:15:00,78.9,0.15,2023-08-12 01:30:00,84.31,0.11,2023-08-12 00:30:00,206
2023-08-13,81.29,0.13,2023-08-13 02:15:00,86.38,0.09,2023-08-13 01:30:00,89.28,0.07,2023-08-13 01:30:00,206
2023-08-14,80.29,0.14,2023-08-14 02:45:00,85.8,0.09,2023-08-14 01:45:00,87.66,0.08,2023-08-14 01:30:00,206
2023-08-15,81.98,0.13,2023-08-15 03:00:00,91.76,0.05,2023-08-15 03:00:00,92.72,0.04,2023-08-15 03:00:00,206
2023-08-16,71.1,0.23,2023-08-16 04:45:00,76.77,0.17,2023-08-16 05:00:00,76.83,0.17,2023-08-16 04:15:00,206
2023-08-17,76.31,0.18,2023-08-17 00:00:00,79.65,0.15,2023-08-17 00:30:00,80.05,0.14,2023-08-17 00:00:00,206
2023-08-18,74.81,0.19,2023-08-18 00:30:00,77.8,0.16,2023-08-18 00:45:00,81.48,0.13,2023-08-18 00:30:00,206
2023-08-19,86.19,0.09,2023-08-19 02:45:00,88.92,0.07,2023-08-19 04:15:00,89.63,0.07,2023-08-19 03:15:00,206
2023-08-20,74.9,0.19,2023-08-20 03:00:00,79.44,0.15,2023-08-20 02:30:00,83.12,0.12,2023-08-20 01:30:00,206
2023-08-21,80.64,0.14,2023-08-21 06:00:00,82.36,0.12,2023-08-21 05:00:00,84.72,0.1,2023-08-21 04:15:00,206
2023-08-22,74.88,0.19,2023-08-22 22:45:00,81.7,0.13,2023-08-22 21:45:00,85.84,0.09,2023-08-22 20:45:00,206
2023-08-23,65.74,0.3,2023-08-23 04:30:00,70.6,0.24,2023-08-23 03:45:00,75.44,0.19,2023-08-23 03:15:00,206
2023-08-24,71.45,0.23,2023-08-24 03:15:00,77.5,0.17,2023-08-24 03:45:00,78.87,0.15,2023-08-24 03:15:00,206
2023-08-25,78.24,0.16,2023-08-25 03:15:00,85.2,0.1,2023-08-25 03:15:00,85.45,0.1,2023-08-25 01:15:00,206
2023-08-26,85.24,0.1,2023-08-26 01:15:00,89.38,0.07,2023-08-26 01:00:00,90.04,0.06,2023-08-26 01:15:00,206
2023-08-27,94.45,0.03,2023-08-27 01:30:00,95.8,0.03,2023-08-27 01:30:00,97.08,0.02,2023-08-27 00:30:00,206
2023-08-28,77.43,0.17,2023-08-28 05:00:00,84.18,0.11,2023-08-28 01:15:00,86.06,0.09,2023-08-28 00:15:00,206
2023-08-29,77.95,0.16,2023-08-29 03:00:00,80.98,0.13,2023-08-29 02:00:00,82.67,0.12,2023-08-29 01:00:00,206
2023-08-30,77.5,0.17,2023-08-30 05:00:00,80.1,0.14,2023-08-30 04:00:00,82.8,0.12,2023-08-30 04:00:00,206
2023-08-31,68.4,0.26,2023-08-31 03:00:00,79.68,0.15,2023-08-31 03:15:00,81.1,0.13,2023-08-31 03:00:00,206
2023-09-01,75.02,0.19,2023-09-01 03:45:00,80.13,0.14,2023-09-01 00:30:00,81.86,0.13,2023-09-01 04:00:00,206
2023-09-02,77.14,0.17,2023-09-02 06:45:00,81.26,0.13,2023-09-02 05:45:00,82.86,0.12,2023-09-02 04:45:00,206
2023-09-03,83.69,0.11,2023-09-03 04:45:00,88.39,0.08,2023-09-03 05:15:00,88.29,0.08,2023-09-03 04:00:00,206
2023-09-04,83.93,0.11,2023-09-04 21:15:00,87.64,0.08,2023-09-04 20:15:00,88.98,0.07,2023-09-04 19:15:00,206
2023-09-05,73.9,0.2,2023-09-05 03:00:00,77.36,0.17,2023-09-05 02:00:00,79.47,0.15,2023-09-05 02:00:00,206
2023-09-06,73.0,0.21,2023-09-06 04:30:00,75.77,0.18,2023-09-06 04:15:00,80.46,0.14,2023-09-06 03:30:00,206
2023-09-07,73.62,0.2,2023-09-07 01:30:00,78.4,0.16,2023-09-07 02:45:00,79.89,0.14,2023-09-07 01:45:00,206
2023-09-08,74.83,0.19,2023-09-08 03:45:00,78.18,0.16,2023-09-08 03:45:00,80.57,0.14,2023-09-08 04:15:00,206
2023-09-09,78.98,0.15,2023-09-09 03:15:00,82.02,0.13,2023-09-09 05:30:00,82.28,0.12,2023-09-09 03:15:00,206
2023-09-10,80.07,0.14,2023-09-10 04:15:00,85.77,0.09,2023-09-10 03:15:00,86.19,0.09,2023-09-10 02:15:00,206
2023-09-11,76.62,0.17,2023-09-11 02:45:00,77.52,0.17,2023-09-11 00:30:00,78.69,0.15,2023-09-11 00:30:00,206
2023-09-12,70.17,0.24,2023-09-12 04:45:00,76.63,0.17,2023-09-12 04:45:00,77.9,0.16,2023-09-12 04:15:00,206
2023-09-13,75.14,0.19,2023-09-13 01:15:00,75.86,0.18,2023-09-13 01:15:00,76.25,0.18,2023-09-13 01:15:00,206
2023-09-14,68.98,0.26,2023-09-14 05:15:00,74.77,0.19,2023-09-14 04:30:00,77.81,0.16,2023-09-14 03:15:00,206
2023-09-15,73.43,0.21,2023-09-15 01:15:00,79.52,0.15,2023-09-15 01:45:00,81.7,0.13,2023-09-15 01:15:00,206
2023-09-16,76.19,0.18,2023-09-16 02:00:00,81.49,0.13,2023-09-16 01:45:00,83.31,0.11,2023-09-16 01:45:00,206
2023-09-17,84.52,0.1,2023-09-17 05:00:00,88.69,0.07,2023-09-17 04:45:00,89.83,0.06,2023-09-17 02:45:00,206
2023-09-18,74.98,0.19,2023-09-18 03:45:00,80.93,0.13,2023-09-18 02:45:00,83.62,0.11,2023-09-18 02:00:00,206
2023-09-19,70.93,0.23,2023-09-19 04:15:00,75.15,0.19,2023-09-19 03:30:00,78.27,0.16,2023-09-19 03:30:00,206
2023-09-20,73.71,0.2,2023-09-20 04:45:00,76.0,0.18,2023-09-20 04:30:00,77.27,0.17,2023-09-20 03:30:00,206
2023-09-21,70.57,0.24,2023-09-21 04:45:00,72.95,0.21,2023-09-21 04:15:00,76.41,0.18,2023-09-21 04:15:00,206
2023-09-22,75.43,0.19,2023-09-22 05:15:00,83.07,0.12,2023-09-22 04:45:00,83.87,0.11,2023-09-22 03:45:00,206
2023-09-23,73.12,0.21,2023-09-23 00:15:00,77.86,0.16,2023-09-23 00:15:00,83.75,0.11,2023-09-23 00:15:00,206
2023-09-24,79.6,0.15,2023-09-24 05:00:00,85.11,0.1,2023-09-24 04:00:00,87.77,0.08,2023-09-24 02:30:00,206
2023-09-25,81.98,0.13,2023-09-25 02:15:00,85.99,0.09,2023-09-25 02:30:00,89.49,0.07,2023-09-25 00:30:00,206
2023-09-26,72.12,0.22,2023-09-26 05:15:00,80.13,0.14,2023-09-26 21:45:00,79.5,0.15,2023-09-26 01:15:00,206
2023-09-27,75.0,0.19,2023-09-27 03:00:00,77.37,0.17,2023-09-27 01:30:00,80.52,0.14,2023-09-27 02:00:00,206
2023-09-28,68.38,0.26,2023-09-28 03:45:00,71.76,0.22,2023-09-28 03:15:00,73.67,0.2,2023-09-28 03:15:00,206
2023-09-29,75.0,0.19,2023-09-29 04:15:00,76.95,0.17,2023-09-29 04:15:00,80.05,0.14,2023-09-29 03:15:00,206
2023-09-30,72.86,0.21,2023-09-30 05:00:00,79.19,0.15,2023-09-30 05:00:00,82.05,0.13,2023-09-30 05:15:00,206
2023-10-01,83.02,0.12,2023-10-01 02:45:00,91.51,0.05,2023-10-01 01:30:00,89.7,0.07,2023-10-01 00:30:00,206
2023-10-02,75.71,0.18,2023-10-02 04:15:00,78.23,0.16,2023-10-02 03:15:00,83.92,0.11,2023-10-02 02:15:00,206
2023-10-03,64.52,0.31,2023-10-03 01:15:00,74.13,0.2,2023-10-03 00:30:00,76.49,0.18,2023-10-03 01:15:00,206
2023-10-04,69.45,0.25,2023-10-04 02:45:00,74.31,0.2,2023-10-04 02:45:00,75.93,0.18,2023-10-04 02:15:00,206
2023-10-05,74.02,0.2,2023-10-05 04:45:00,80.23,0.14,2023-10-05 03:30:00,81.06,0.13,2023-10-05 03:00:00,206
2023-10-06,70.26,0.24,2023-10-06 02:15:00,75.19,0.19,2023-10-06 02:15:00,78.76,0.15,2023-10-06 01:45:00,206
2023-10-07,76.24,0.18,2023-10-07 04:30:00,81.62,0.13,2023-10-07 04:30:00,84.73,0.1,2023-10-07 03:30:00,206
2023-10-08,80.81,0.14,2023-10-08 03:00:00,86.1,0.09,2023-10-08 03:15:00,88.15,0.08,2023-10-08 01:00:00,206
2023-10-09,73.05,0.21,2023-10-09 03:45:00,78.06,0.16,2023-10-09 03:45:00,81.5,0.13,2023-10-09 03:45:00,206
2023-10-10,68.55,0.26,2023-10-10 04:15:00,72.29,0.22,2023-10-10 04:15:00,76.02,0.18,2023-10-10 03:15:00,206
2023-10-11,73.57,0.21,2023-10-11 03:30:00,76.21,0.18,2023-10-11 02:30:00,80.47,0.14,2023-10-11 01:30:00,206
2023-10-12,75.69,0.18,2023-10-12 11:30:00,80.98,0.13,2023-10-12 05:15:00,83.22,0.12,2023-10-12 04:30:00,206
2023-10-13,75.81,0.18,2023-10-13 03:30:00,79.23,0.15,2023-10-13 02:30:00,80.52,0.14,2023-10-13 02:30:00,206
2023-10-14,76.71,0.17,2023-10-14 06:15:00,80.1,0.14,2023-10-14 04:00:00,80.9,0.13,2023-10-14 04:15:00,206
2023-10-15,83.52,0.11,2023-10-15 03:00:00,87.81,0.08,2023-10-15 02:15:00,90.52,0.06,2023-10-15 02:30:00,206
2023-10-16,82.02,0.13,2023-10-16 22:30:00,87.32,0.08,2023-10-16 21:30:00,90.27,0.06,2023-10-16 20:30:00,206
2023-10-17,71.31,0.23,2023-10-17 00:30:00,77.98,0.16,2023-10-17 00:15:00,78.6,0.16,2023-10-17 00:15:00,206
2023-10-18,68.6,0.26,2023-10-18 03:30:00,76.64,0.17,2023-10-18 03:30:00,77.29,0.17,2023-10-18 03:30:00,206
2023-10-19,70.64,0.24,2023-10-19 03:30:00,77.5,0.17,2023-10-19 03:15:00,80.14,0.14,2023-10-19 01:30:00,206
2023-10-20,74.24,0.2,2023-10-20 00:15:00,77.14,0.17,2023-10-20 04:15:00,77.97,0.16,2023-10-20 04:15:00,206
2023-10-21,72.86,0.21,2023-10-21 02:30:00,80.71,0.14,2023-10-21 02:30:00,84.0,0.11,2023-10-21 04:00:00,206
2023-10-22,81.79,0.13,2023-10-22 05:45:00,85.2,0.1,2023-10-22 05:00:00,88.87,0.07,2023-10-22 04:00:00,206
2023-10-23,77.07,0.17,2023-10-23 03:45:00,84.2,0.11,2023-10-23 03:45:00,86.76,0.09,2023-10-23 19:45:00,206
2023-10-24,74.48,0.2,2023-10-24 03:45:00,79.5,0.15,2023-10-24 03:15:00,79.37,0.15,2023-10-24 03:45:00,206
2023-10-25,70.79,0.24,2023-10-25 02:45:00,72.33,0.22,2023-10-25 02:45:00,74.44,0.2,2023-10-25 02:30:00,206
2023-10-26,66.31,0.29,2023-10-26 03:00:00,69.51,0.25,2023-10-26 02:00:00,74.83,0.19,2023-10-26 01:30:00,206
2023-10-27,71.48,0.23,2023-10-27 02:15:00,75.58,0.18,2023-10-27 02:00:00,76.61,0.17,2023-10-27 01:30:00,206
2023-10-28,78.26,0.16,2023-10-28 04:30:00,86.04,0.09,2023-10-28 04:30:00,86.15,0.09,2023-10-28 02:30:00,206
2023-10-29,80.45,0.14,2023-10-29 23:00:00,89.51,0.07,2023-10-29 22:00:00,92.38,0.05,2023-10-29 21:00:00,206
2023-10-30,74.81,0.19,2023-10-30 02:15:00,81.1,0.13,2023-10-30 01:15:00,85.33,0.1,2023-10-30 01:45:00,206
2023-10-31,71.24,0.23,2023-10-31 03:15:00,77.64,0.16,2023-10-31 04:45:00,79.48,0.15,2023-10-31 03:00:00,206
2023-11-01,75.24,0.19,2023-11-01 04:00:00,82.85,0.12,2023-11-01 04:30:00,85.15,0.1,2023-11-01 03:45:00,206
2023-11-02,71.64,0.23,2023-11-02 01:30:00,75.14,0.19,2023-11-02 01:30:00,75.75,0.18,2023-11-02 01:30:00,206
2023-11-03,70.93,0.23,2023-11-03 01:30:00,73.8,0.2,2023-11-03 00:45:00,75.6,0.18,2023-11-03 00:45:00,206
2023-11-04,69.69,0.25,2023-11-04 03:30:00,80.07,0.14,2023-11-04 03:15:00,81.83,0.13,2023-11-04 03:45:00,206
2023-11-05,75.55,0.18,2023-11-05 04:30:00,85.85,0.09,2023-11-05 04:00:00,90.56,0.06,2023-11-05 03:30:00,206
2023-11-06,73.93,0.2,2023-11-06 03:00:00,77.51,0.17,2023-11-06 01:45:00,79.0,0.15,2023-11-06 01:00:00,206
2023-11-07,73.64,0.2,2023-11-07 04:00:00,76.9,0.17,2023-11-07 03:15:00,77.63,0.16,2023-11-07 03:15:00,206
2023-11-08,64.64,0.31,2023-11-08 01:45:00,69.27,0.25,2023-11-08 01:45:00,74.29,0.2,2023-11-08 01:15:00,206
2023-11-09,67.24,0.28,2023-11-09 01:45:00,67.31,0.28,2023-11-09 00:45:00,73.51,0.21,2023-11-09 00:00:00,206
2023-11-10,71.64,0.23,2023-11-10 04:15:00,71.76,0.22,2023-11-10 04:15:00,74.48,0.2,2023-11-10 03:45:00,206
2023-11-11,71.55,0.23,2023-11-11 02:00:00,83.76,0.11,2023-11-11 01:30:00,85.21,0.1,2023-11-11 02:00:00,206
2023-11-12,82.12,0.12,2023-11-12 22:15:00,83.32,0.11,2023-11-12 21:45:00,88.39,0.08,2023-11-12 21:00:00,206
2023-11-13,76.36,0.18,2023-11-13 03:30:00,78.38,0.16,2023-11-13 02:30:00,80.16,0.14,2023-11-13 02:30:00,206
2023-11-14,70.4,0.24,2023-11-14 03:15:00,72.7,0.21,2023-11-14 03:30:00,74.37,0.2,2023-11-14 03:15:00,206
2023-11-15,74.64,0.19,2023-11-15 05:00:00,79.64,0.15,2023-11-15 04:00:00,81.67,0.13,2023-11-15 04:00:00,206
2023-11-16,77.86,0.16,2023-11-16 03:30:00,80.45,0.14,2023-11-16 02:30:00,80.48,0.14,2023-11-16 01:30:00,206
2023-11-17,69.55,0.25,2023-11-17 04:30:00,73.37,0.21,2023-11-17 04:30:00,78.13,0.16,2023-11-17 04:30:00,206
2023-11-18,77.79,0.16,2023-11-18 05:00:00,81.85,0.13,2023-11-18 05:00:00,84.6,0.1,2023-11-18 05:00:00,206
2023-11-19,90.79,0.06,2023-11-19 05:30:00,92.6,0.05,2023-11-19 05:15:00,93.79,0.04,2023-11-19 04:15:00,206
2023-11-20,69.52,0.25,2023-11-20 04:30:00,77.6,0.16,2023-11-20 03:30:00,82.25,0.12,2023-11-20 03:30:00,206
2023-11-21,74.31,0.2,2023-11-21 03:15:00,77.21,0.17,2023-11-21 03:15:00,77.83,0.16,2023-11-21 03:15:00,206
2023-11-22,71.79,0.22,2023-11-22 02:45:00,77.54,0.17,2023-11-22 02:45:00,77.24,0.17,2023-11-22 00:30:00,206
2023-11-23,72.38,0.22,2023-11-23 00:45:00,79.36,0.15,2023-11-23 00:45:00,83.09,0.12,2023-11-23 04:00:00,206
2023-11-24,74.88,0.19,2023-11-24 04:00:00,78.45,0.16,2023-11-24 04:00:00,81.11,0.13,2023-11-24 03:00:00,206
2023-11-25,71.55,0.23,2023-11-25 03:45:00,80.44,0.14,2023-11-25 02:45:00,82.06,0.12,2023-11-25 03:45:00,206
2023-11-26,85.24,0.1,2023-11-26 03:15:00,86.48,0.09,2023-11-26 03:00:00,87.73,0.08,2023-11-26 03:00:00,206
2023-11-27,78.67,0.15,2023-11-27 05:30:00,82.51,0.12,2023-11-27 05:00:00,86.61,0.09,2023-11-27 05:00:00,206
2023-11-28,69.43,0.25,2023-11-28 01:15:00,75.82,0.18,2023-11-28 00:30:00,80.15,0.14,2023-11-28 03:15:00,206
2023-11-29,73.1,0.21,2023-11-29 03:00:00,76.25,0.18,2023-11-29 02:00:00,77.86,0.16,2023-11-29 01:45:00,206
2023-11-30,71.83,0.22,2023-11-30 01:00:00,76.96,0.17,2023-11-30 00:45:00,79.79,0.14,2023-11-30 04:00:00,206
2023-12-01,76.33,0.18,2023-12-01 04:30:00,78.0,0.16,2023-12-01 01:45:00,80.02,0.14,2023-12-01 00:45:00,206
2023-12-02,79.19,0.15,2023-12-02 05:00:00,82.05,0.13,2023-12-02 03:45:00,82.88,0.12,2023-12-02 02:45:00,206
2023-12-03,83.05,0.12,2023-12-03 02:30:00,89.77,0.07,2023-12-03 01:30:00,89.93,0.06,2023-12-03 00:30:00,206
2023-12-04,72.24,0.22,2023-12-04 04:00:00,73.14,0.21,2023-12-04 03:00:00,78.91,0.15,2023-12-04 03:00:00,206
2023-12-05,67.81,0.27,2023-12-05 02:15:00,75.29,0.19,2023-12-05 01:15:00,79.4,0.15,2023-12-05 01:15:00,206
2023-12-06,70.67,0.24,2023-12-06 04:45:00,76.23,0.18,2023-12-06 04:30:00,77.94,0.16,2023-12-06 03:30:00,206
2023-12-07,67.26,0.28,2023-12-07 01:30:00,71.73,0.23,2023-12-07 00:45:00,76.87,0.17,2023-12-07 00:00:00,206
2023-12-08,68.98,0.26,2023-12-08 04:00:00,73.04,0.21,2023-12-08 04:00:00,78.17,0.16,2023-12-08 04:00:00,206
2023-12-09,75.45,0.19,2023-12-09 04:00:00,78.69,0.15,2023-12-09 01:00:00,79.58,0.15,2023-12-09 00:30:00,206
2023-12-10,84.05,0.11,2023-12-10 21:00:00,90.12,0.06,2023-12-10 21:00:00,91.71,0.05,2023-12-10 20:45:00,206
2023-12-11,75.76,0.18,2023-12-11 16:00:00,76.39,0.18,2023-12-11 12:15:00,77.45,0.17,2023-12-11 10:00:00,206
2023-12-12,67.4,0.28,2023-12-12 03:30:00,73.86,0.2,2023-12-12 10:00:00,75.52,0.19,2023-12-12 09:45:00,206
2023-12-13,68.29,0.27,2023-12-13 02:00:00,71.93,0.22,2023-12-13 01:30:00,75.67,0.18,2023-12-13 00:30:00,206
2023-12-14,72.52,0.22,2023-12-14 05:00:00,78.06,0.16,2023-12-14 04:15:00,79.56,0.15,2023-12-14 04:15:00,206
2023-12-15,77.33,0.17,2023-12-15 01:45:00,81.17,0.13,2023-12-15 01:45:00,82.66,0.12,2023-12-15 01:45:00,206
2023-12-16,76.29,0.18,2023-12-16 01:45:00,79.01,0.15,2023-12-16 01:45:00,80.22,0.14,2023-12-16 00:45:00,206
2023-12-17,77.9,0.16,2023-12-17 23:00:00,85.0,0.1,2023-12-17 03:30:00,86.39,0.09,2023-12-17 02:30:00,206
2023-12-18,76.14,0.18,2023-12-18 01:45:00,81.82,0.13,2023-12-18 01:45:00,82.13,0.12,2023-12-18 01:45:00,206
2023-12-19,78.6,0.16,2023-12-19 04:15:00,80.11,0.14,2023-12-19 03:15:00,82.5,0.12,2023-12-19 02:45:00,206
2023-12-20,69.48,0.25,2023-12-20 03:15:00,73.93,0.2,2023-12-20 02:15:00,77.02,0.17,2023-12-20 02:15:00,206
2023-12-21,77.12,0.17,2023-12-21 01:00:00,79.45,0.15,2023-12-21 05:15:00,81.35,0.13,2023-12-21 01:00:00,206
2023-12-22,81.55,0.13,2023-12-22 02:00:00,82.37,0.12,2023-12-22 02:00:00,85.49,0.1,2023-12-22 02:00:00,206
2023-12-23,80.38,0.14,2023-12-23 02:15:00,85.26,0.1,2023-12-23 01:15:00,87.61,0.08,2023-12-23 01:00:00,206
2023-12-24,80.21,0.14,2023-12-24 03:00:00,88.2,0.08,2023-12-24 03:15:00,92.08,0.05,2023-12-24 01:00:00,206
2023-12-25,88.86,0.07,2023-12-25 06:00:00,93.15,0.04,2023-12-25 06:00:00,94.13,0.04,2023-12-25 06:00:00,206
2023-12-26,80.36,0.14,2023-12-26 01:30:00,85.06,0.1,2023-12-26 01:30:00,88.56,0.07,2023-12-26 00:30:00,206
2023-12-27,75.36,0.19,2023-12-27 02:45:00,80.08,0.14,2023-12-27 01:30:00,81.09,0.13,2023-12-27 02:30:00,206
2023-12-28,79.43,0.15,2023-12-28 05:30:00,82.31,0.12,2023-12-28 04:15:00,83.64,0.11,2023-12-28 03:30:00,206
2023-12-29,76.31,0.18,2023-12-29 05:30:00,83.11,0.12,2023-12-29 05:30:00,85.43,0.1,2023-12-29 04:00:00,206
2023-12-30,81.05,0.13,2023-12-30 04:45:00,82.62,0.12,2023-12-30 04:45:00,84.79,0.1,2023-12-30 04:45:00,206
2023-12-31,89.88,0.06,2023-12-31 18:45:00,94.44,0.03,2023-12-31 18:00:00,95.75,0.03,2023-12-31 04:30:00,206
