date_jour,cp1,Dp1,HEURE_POINTE_1H,cp2,Dp2,HEURE_POINTE_2H,cp3,Dp3,HEURE_POINTE_3H,LENGTH
2023-01-01,100.0,0.0,2023-01-01 23:00:00,100.0,0.0,2023-01-01 08:15:00,100.0,0.0,2023-01-01 00:00:00,265
2023-01-02,100.0,0.0,2023-01-02 00:00:00,100.0,0.0,2023-01-02 00:00:00,100.0,0.0,2023-01-02 00:15:00,265
2023-01-03,100.0,0.0,2023-01-03 01:00:00,100.0,0.0,2023-01-03 01:15:00,105.69,-0.07,2023-01-03 00:15:00,265
2023-01-04,100.0,0.0,2023-01-04 00:30:00,100.0,0.0,2023-01-04 00:45:00,100.96,-0.01,2023-01-04 00:15:00,265
2023-01-05,100.0,0.0,2023-01-05 01:30:00,100.0,0.0,2023-01-05 03:00:00,109.44,-0.12,2023-01-05 01:30:00,265
2023-01-06,100.0,0.0,2023-01-06 00:00:00,100.97,-0.01,2023-01-06 01:30:00,101.48,-0.02,2023-01-06 00:00:00,265
2023-01-07,100.0,0.0,2023-01-07 09:00:00,100.0,0.0,2023-01-07 20:45:00,102.78,-0.04,2023-01-07 19:45:00,265
2023-01-08,100.0,0.0,2023-01-08 23:00:00,100.0,0.0,2023-01-08 01:45:00,100.0,0.0,2023-01-08 02:00:00,265
2023-01-09,100.0,0.0,2023-01-09 18:15:00,100.0,0.0,2023-01-09 01:30:00,106.2,-0.08,2023-01-09 01:00:00,265
2023-01-10,97.67,0.03,2023-01-10 08:00:00,100.0,0.0,2023-01-10 00:45:00,100.83,-0.01,2023-01-10 00:15:00,265
2023-01-11,100.0,0.0,2023-01-11 03:30:00,100.83,-0.01,2023-01-11 00:15:00,101.67,-0.02,2023-01-11 00:00:00,265
2023-01-12,100.0,0.0,2023-01-12 12:00:00,100.0,0.0,2023-01-12 00:30:00,100.0,0.0,2023-01-12 00:15:00,265
2023-01-13,100.0,0.0,2023-01-13 00:30:00,100.0,0.0,2023-01-13 00:45:00,100.0,0.0,2023-01-13 01:00:00,265
2023-01-14,100.0,0.0,2023-01-14 18:45:00,103.61,-0.05,2023-01-14 00:45:00,104.81,-0.06,2023-01-14 00:00:00,265
2023-01-15,100.0,0.0,2023-01-15 23:00:00,100.0,0.0,2023-01-15 22:00:00,100.0,0.0,2023-01-15 01:00:00,265
2023-01-16,100.0,0.0,2023-01-16 22:15:00,100.0,0.0,2023-01-16 02:00:00,102.78,-0.04,2023-01-16 02:00:00,265
2023-01-17,100.0,0.0,2023-01-17 01:15:00,103.33,-0.04,2023-01-17 00:30:00,107.41,-0.09,2023-01-17 00:00:00,265
2023-01-18,100.0,0.0,2023-01-18 01:00:00,100.0,0.0,2023-01-18 01:15:00,104.72,-0.06,2023-01-18 01:00:00,265
2023-01-19,100.0,0.0,2023-01-19 01:45:00,100.0,0.0,2023-01-19 01:45:00,103.89,-0.05,2023-01-19 00:30:00,265
2023-01-20,100.0,0.0,2023-01-20 00:00:00,105.42,-0.07,2023-01-20 00:00:00,103.61,-0.05,2023-01-20 00:00:00,265
2023-01-21,100.0,0.0,2023-01-21 00:00:00,100.0,0.0,2023-01-21 00:00:00,100.0,0.0,2023-01-21 00:00:00,265
2023-01-22,100.0,0.0,2023-01-22 23:00:00,100.0,0.0,2023-01-22 07:30:00,100.0,0.0,2023-01-22 01:45:00,265
2023-01-23,100.0,0.0,2023-01-23 03:00:00,111.94,-0.14,2023-01-23 01:45:00,115.37,-0.18,2023-01-23 01:30:00,265
2023-01-24,100.0,0.0,2023-01-24 00:30:00,100.0,0.0,2023-01-24 00:30:00,110.46,-0.13,2023-01-24 00:00:00,265
2023-01-25,100.0,0.0,2023-01-25 00:00:00,100.0,0.0,2023-01-25 00:15:00,100.0,0.0,2023-01-25 00:30:00,265
2023-01-26,100.0,0.0,2023-01-26 00:00:00,100.0,0.0,2023-01-26 00:00:00,104.17,-0.05,2023-01-26 00:00:00,265
2023-01-27,100.0,0.0,2023-01-27 00:00:00,100.0,0.0,2023-01-27 00:00:00,100.0,0.0,2023-01-27 00:00:00,265
2023-01-28,100.0,0.0,2023-01-28 02:00:00,105.83,-0.07,2023-01-28 01:00:00,103.89,-0.05,2023-01-28 00:15:00,265
2023-01-29,100.0,0.0,2023-01-29 06:30:00,100.0,0.0,2023-01-29 03:00:00,105.06,-0.06,2023-01-29 02:00:00,265
2023-01-30,100.0,0.0,2023-01-30 22:15:00,100.0,0.0,2023-01-30 21:15:00,110.28,-0.12,2023-01-30 00:00:00,265
2023-01-31,100.0,0.0,2023-01-31 00:15:00,100.0,0.0,2023-01-31 00:30:00,103.43,-0.04,2023-01-31 00:00:00,265
2023-02-01,96.94,0.04,2023-02-01 21:30:00,100.0,0.0,2023-02-01 00:30:00,102.13,-0.03,2023-02-01 00:30:00,265
2023-02-02,100.0,0.0,2023-02-02 01:15:00,100.0,0.0,2023-02-02 01:15:00,104.44,-0.06,2023-02-02 00:00:00,265
2023-02-03,100.0,0.0,2023-02-03 00:15:00,100.0,0.0,2023-02-03 00:30:00,102.59,-0.03,2023-02-03 00:15:00,265
2023-02-04,100.0,0.0,2023-02-04 23:00:00,100.0,0.0,2023-02-04 01:45:00,100.0,0.0,2023-02-04 00:30:00,265
2023-02-05,100.0,0.0,2023-02-05 07:45:00,100.0,0.0,2023-02-05 01:15:00,100.0,0.0,2023-02-05 01:30:00,265
2023-02-06,100.0,0.0,2023-02-06 00:00:00,100.0,0.0,2023-02-06 02:15:00,102.41,-0.03,2023-02-06 00:15:00,265
2023-02-07,100.0,0.0,2023-02-07 01:30:00,100.0,0.0,2023-02-07 01:00:00,104.07,-0.05,2023-02-07 00:00:00,265
2023-02-08,100.0,0.0,2023-02-08 00:00:00,100.0,0.0,2023-02-08 00:30:00,100.0,0.0,2023-02-08 00:15:00,265
2023-02-09,100.0,0.0,2023-02-09 16:00:00,106.81,-0.08,2023-02-09 00:30:00,116.48,-0.19,2023-02-09 00:00:00,265
2023-02-10,98.06,0.03,2023-02-10 00:00:00,99.03,0.01,2023-02-10 00:00:00,100.0,0.0,2023-02-10 20:30:00,265
2023-02-11,100.0,0.0,2023-02-11 23:00:00,100.0,0.0,2023-02-11 20:30:00,100.0,0.0,2023-02-11 00:15:00,265
2023-02-12,100.0,0.0,2023-02-12 23:00:00,100.0,0.0,2023-02-12 06:45:00,100.0,0.0,2023-02-12 00:00:00,265
2023-02-13,100.0,0.0,2023-02-13 03:30:00,100.0,0.0,2023-02-13 01:15:00,100.0,0.0,2023-02-13 01:15:00,265
2023-02-14,100.0,0.0,2023-02-14 00:30:00,104.58,-0.06,2023-02-14 00:00:00,105.19,-0.07,2023-02-14 00:30:00,265
2023-02-15,100.0,0.0,2023-02-15 03:15:00,108.06,-0.1,2023-02-15 01:00:00,113.15,-0.15,2023-02-15 01:00:00,265
2023-02-16,100.0,0.0,2023-02-16 00:30:00,100.0,0.0,2023-02-16 00:45:00,104.26,-0.05,2023-02-16 00:00:00,265
2023-02-17,100.0,0.0,2023-02-17 23:00:00,100.75,-0.01,2023-02-17 00:00:00,108.09,-0.1,2023-02-17 00:00:00,265
2023-02-18,97.5,0.03,2023-02-18 06:00:00,98.75,0.02,2023-02-18 06:00:00,106.85,-0.09,2023-02-18 01:15:00,265
2023-02-19,100.0,0.0,2023-02-19 06:15:00,100.0,0.0,2023-02-19 03:00:00,100.0,0.0,2023-02-19 02:15:00,265
2023-02-20,100.0,0.0,2023-02-20 00:15:00,100.0,0.0,2023-02-20 00:30:00,100.0,0.0,2023-02-20 00:15:00,265
2023-02-21,100.0,0.0,2023-02-21 01:45:00,108.61,-0.11,2023-02-21 01:45:00,107.96,-0.1,2023-02-21 00:00:00,265
2023-02-22,100.0,0.0,2023-02-22 03:30:00,106.11,-0.08,2023-02-22 00:00:00,113.93,-0.16,2023-02-22 01:15:00,265
2023-02-23,105.0,-0.06,2023-02-23 00:30:00,110.28,-0.12,2023-02-23 00:15:00,115.19,-0.18,2023-02-23 00:00:00,265
2023-02-24,100.0,0.0,2023-02-24 21:45:00,105.42,-0.07,2023-02-24 00:00:00,113.8,-0.16,2023-02-24 19:45:00,265
2023-02-25,100.0,0.0,2023-02-25 01:45:00,106.67,-0.08,2023-02-25 01:00:00,108.7,-0.11,2023-02-25 00:00:00,265
2023-02-26,100.0,0.0,2023-02-26 06:30:00,100.0,0.0,2023-02-26 03:00:00,102.41,-0.03,2023-02-26 08:30:00,265
2023-02-27,100.0,0.0,2023-02-27 00:15:00,100.0,0.0,2023-02-27 01:30:00,104.72,-0.06,2023-02-27 00:00:00,265
2023-02-28,100.0,0.0,2023-02-28 00:15:00,103.19,-0.04,2023-02-28 01:30:00,106.11,-0.08,2023-02-28 00:00:00,265
2023-03-01,100.0,0.0,2023-03-01 00:15:00,100.0,0.0,2023-03-01 00:30:00,104.78,-0.06,2023-03-01 00:00:00,265
2023-03-02,98.06,0.03,2023-03-02 03:30:00,109.44,-0.12,2023-03-02 00:30:00,110.31,-0.12,2023-03-02 02:15:00,265
2023-03-03,100.0,0.0,2023-03-03 21:30:00,104.72,-0.06,2023-03-03 21:00:00,110.0,-0.12,2023-03-03 00:15:00,265
2023-03-04,100.0,0.0,2023-03-04 11:00:00,100.0,0.0,2023-03-04 21:15:00,100.0,0.0,2023-03-04 21:00:00,265
2023-03-05,100.0,0.0,2023-03-05 08:00:00,100.0,0.0,2023-03-05 00:30:00,100.0,0.0,2023-03-05 00:45:00,265
2023-03-06,100.0,0.0,2023-03-06 00:15:00,100.0,0.0,2023-03-06 00:00:00,110.0,-0.12,2023-03-06 00:00:00,265
2023-03-07,100.0,0.0,2023-03-07 00:30:00,102.92,-0.04,2023-03-07 00:00:00,106.54,-0.08,2023-03-07 00:30:00,265
2023-03-08,100.0,0.0,2023-03-08 21:00:00,105.83,-0.07,2023-03-08 03:00:00,112.93,-0.15,2023-03-08 01:00:00,265
2023-03-09,100.0,0.0,2023-03-09 00:45:00,102.36,-0.03,2023-03-09 00:45:00,114.35,-0.17,2023-03-09 01:00:00,265
2023-03-10,100.0,0.0,2023-03-10 03:30:00,100.0,0.0,2023-03-10 00:30:00,104.63,-0.06,2023-03-10 00:00:00,265
2023-03-11,100.0,0.0,2023-03-11 07:15:00,100.0,0.0,2023-03-11 21:30:00,100.65,-0.01,2023-03-11 00:30:00,265
2023-03-12,100.0,0.0,2023-03-12 08:00:00,100.0,0.0,2023-03-12 05:15:00,100.0,0.0,2023-03-12 00:30:00,265
2023-03-13,100.0,0.0,2023-03-13 00:15:00,101.11,-0.01,2023-03-13 01:30:00,103.8,-0.05,2023-03-13 00:00:00,265
2023-03-14,100.0,0.0,2023-03-14 01:30:00,102.22,-0.03,2023-03-14 01:15:00,106.76,-0.08,2023-03-14 01:30:00,265
2023-03-15,100.0,0.0,2023-03-15 03:15:00,106.94,-0.09,2023-03-15 03:15:00,113.33,-0.16,2023-03-15 00:00:00,265
2023-03-16,100.0,0.0,2023-03-16 22:00:00,111.08,-0.13,2023-03-16 21:00:00,112.22,-0.15,2023-03-16 00:30:00,265
2023-03-17,100.0,0.0,2023-03-17 00:00:00,102.22,-0.03,2023-03-17 00:00:00,112.5,-0.15,2023-03-17 00:00:00,265
2023-03-18,100.0,0.0,2023-03-18 11:00:00,100.0,0.0,2023-03-18 21:30:00,105.56,-0.07,2023-03-18 21:00:00,265
2023-03-19,100.0,0.0,2023-03-19 08:00:00,100.0,0.0,2023-03-19 02:30:00,102.69,-0.03,2023-03-19 01:45:00,265
2023-03-20,100.0,0.0,2023-03-20 03:15:00,100.0,0.0,2023-03-20 02:15:00,100.0,0.0,2023-03-20 01:30:00,265
2023-03-21,100.0,0.0,2023-03-21 00:15:00,102.92,-0.04,2023-03-21 00:00:00,106.35,-0.08,2023-03-21 00:00:00,265
2023-03-22,100.0,0.0,2023-03-22 00:15:00,100.0,0.0,2023-03-22 00:15:00,107.13,-0.09,2023-03-22 00:15:00,265
2023-03-23,100.0,0.0,2023-03-23 01:45:00,108.06,-0.1,2023-03-23 00:45:00,111.48,-0.14,2023-03-23 00:30:00,265
2023-03-24,103.33,-0.04,2023-03-24 01:30:00,108.61,-0.11,2023-03-24 00:45:00,112.31,-0.15,2023-03-24 00:00:00,265
2023-03-25,100.0,0.0,2023-03-25 00:30:00,102.78,-0.04,2023-03-25 00:15:00,110.28,-0.12,2023-03-25 00:30:00,265
2023-03-26,100.0,0.0,2023-03-26 00:00:00,100.0,0.0,2023-03-26 00:00:00,100.0,0.0,2023-03-26 00:00:00,265
2023-03-27,100.0,0.0,2023-03-27 02:15:00,100.0,0.0,2023-03-27 02:15:00,103.52,-0.05,2023-03-27 01:15:00,265
2023-03-28,88.33,0.18,2023-03-28 15:15:00,111.17,-0.13,2023-03-28 00:45:00,117.26,-0.2,2023-03-28 00:00:00,265
2023-03-29,104.44,-0.06,2023-03-29 02:00:00,117.36,-0.2,2023-03-29 00:45:00,119.28,-0.22,2023-03-29 00:00:00,265
2023-03-30,107.89,-0.1,2023-03-30 00:30:00,115.28,-0.18,2023-03-30 19:00:00,117.48,-0.2,2023-03-30 18:45:00,265
2023-03-31,100.0,0.0,2023-03-31 02:00:00,106.81,-0.08,2023-03-31 01:15:00,111.3,-0.14,2023-03-31 01:30:00,265
2023-04-01,100.0,0.0,2023-04-01 07:45:00,105.42,-0.07,2023-04-01 03:00:00,109.63,-0.12,2023-04-01 00:45:00,265
2023-04-02,100.0,0.0,2023-04-02 06:30:00,100.0,0.0,2023-04-02 05:15:00,100.0,0.0,2023-04-02 01:30:00,265
2023-04-03,100.0,0.0,2023-04-03 00:00:00,100.0,0.0,2023-04-03 01:45:00,104.63,-0.06,2023-04-03 01:45:00,265
2023-04-04,100.0,0.0,2023-04-04 23:00:00,100.0,0.0,2023-04-04 00:30:00,103.3,-0.04,2023-04-04 00:00:00,265
2023-04-05,100.0,0.0,2023-04-05 20:30:00,100.0,0.0,2023-04-05 01:00:00,105.56,-0.07,2023-04-05 00:00:00,265
2023-04-06,100.0,0.0,2023-04-06 23:00:00,109.72,-0.12,2023-04-06 00:00:00,113.94,-0.16,2023-04-06 00:00:00,265
2023-04-07,100.0,0.0,2023-04-07 23:00:00,105.5,-0.07,2023-04-07 22:00:00,115.8,-0.18,2023-04-07 21:00:00,265
2023-04-08,100.0,0.0,2023-04-08 00:15:00,100.0,0.0,2023-04-08 00:30:00,103.52,-0.05,2023-04-08 00:15:00,265
2023-04-09,100.0,0.0,2023-04-09 14:00:00,100.0,0.0,2023-04-09 08:00:00,100.0,0.0,2023-04-09 00:30:00,265
2023-04-10,100.0,0.0,2023-04-10 00:00:00,100.0,0.0,2023-04-10 00:00:00,100.0,0.0,2023-04-10 00:00:00,265
2023-04-11,100.0,0.0,2023-04-11 23:00:00,103.19,-0.04,2023-04-11 00:30:00,102.13,-0.03,2023-04-11 00:00:00,265
2023-04-12,100.0,0.0,2023-04-12 01:45:00,102.36,-0.03,2023-04-12 00:15:00,104.54,-0.06,2023-04-12 00:30:00,265
2023-04-13,105.39,-0.07,2023-04-13 12:30:00,115.5,-0.18,2023-04-13 00:00:00,123.11,-0.25,2023-04-13 00:00:00,265
2023-04-14,97.22,0.04,2023-04-14 00:00:00,98.61,0.02,2023-04-14 00:00:00,108.74,-0.11,2023-04-14 00:15:00,265
2023-04-15,100.0,0.0,2023-04-15 03:15:00,106.39,-0.08,2023-04-15 01:30:00,107.54,-0.09,2023-04-15 00:00:00,265
2023-04-16,100.0,0.0,2023-04-16 00:00:00,100.0,0.0,2023-04-16 00:15:00,100.0,0.0,2023-04-16 00:00:00,265
2023-04-17,100.0,0.0,2023-04-17 00:15:00,103.42,-0.04,2023-04-17 01:45:00,104.59,-0.06,2023-04-17 01:45:00,265
2023-04-18,100.0,0.0,2023-04-18 00:45:00,106.25,-0.08,2023-04-18 01:00:00,107.41,-0.09,2023-04-18 01:00:00,265
2023-04-19,100.0,0.0,2023-04-19 19:45:00,100.0,0.0,2023-04-19 01:15:00,101.39,-0.02,2023-04-19 00:15:00,265
2023-04-20,100.0,0.0,2023-04-20 23:00:00,105.28,-0.07,2023-04-20 01:00:00,108.15,-0.1,2023-04-20 01:15:00,265
2023-04-21,96.11,0.05,2023-04-21 21:45:00,106.39,-0.08,2023-04-21 20:45:00,110.0,-0.12,2023-04-21 00:00:00,265
2023-04-22,98.33,0.02,2023-04-22 21:45:00,100.0,0.0,2023-04-22 02:30:00,102.5,-0.03,2023-04-22 01:15:00,265
2023-04-23,100.0,0.0,2023-04-23 14:45:00,100.0,0.0,2023-04-23 21:00:00,108.43,-0.1,2023-04-23 01:00:00,265
2023-04-24,100.0,0.0,2023-04-24 00:15:00,100.0,0.0,2023-04-24 01:30:00,104.07,-0.05,2023-04-24 01:30:00,265
2023-04-25,100.0,0.0,2023-04-25 01:15:00,100.69,-0.01,2023-04-25 00:00:00,107.0,-0.09,2023-04-25 00:00:00,265
2023-04-26,100.0,0.0,2023-04-26 00:00:00,100.0,0.0,2023-04-26 00:15:00,100.46,-0.01,2023-04-26 00:30:00,265
2023-04-27,100.0,0.0,2023-04-27 01:00:00,100.0,0.0,2023-04-27 01:15:00,102.5,-0.03,2023-04-27 01:30:00,265
2023-04-28,100.0,0.0,2023-04-28 00:00:00,100.0,0.0,2023-04-28 00:00:00,105.09,-0.06,2023-04-28 00:15:00,265
2023-04-29,100.0,0.0,2023-04-29 21:30:00,100.0,0.0,2023-04-29 21:15:00,105.7,-0.07,2023-04-29 00:30:00,265
2023-04-30,100.0,0.0,2023-04-30 08:15:00,100.0,0.0,2023-04-30 01:45:00,102.78,-0.04,2023-04-30 01:45:00,265
2023-05-01,100.0,0.0,2023-05-01 23:00:00,100.0,0.0,2023-05-01 00:45:00,100.0,0.0,2023-05-01 00:45:00,265
2023-05-02,96.67,0.05,2023-05-02 21:45:00,100.0,0.0,2023-05-02 00:00:00,101.76,-0.02,2023-05-02 00:15:00,265
2023-05-03,100.0,0.0,2023-05-03 18:45:00,112.14,-0.14,2023-05-03 02:00:00,114.44,-0.17,2023-05-03 00:15:00,265
2023-05-04,100.0,0.0,2023-05-04 18:45:00,107.22,-0.09,2023-05-04 02:30:00,115.19,-0.18,2023-05-04 01:15:00,265
2023-05-05,100.0,0.0,2023-05-05 00:15:00,105.0,-0.06,2023-05-05 00:30:00,103.33,-0.04,2023-05-05 00:00:00,265
2023-05-06,100.0,0.0,2023-05-06 00:00:00,100.0,0.0,2023-05-06 00:00:00,103.43,-0.04,2023-05-06 20:30:00,265
2023-05-07,100.0,0.0,2023-05-07 23:00:00,103.06,-0.04,2023-05-07 01:30:00,102.04,-0.03,2023-05-07 00:30:00,265
2023-05-08,100.0,0.0,2023-05-08 12:30:00,100.0,0.0,2023-05-08 00:30:00,100.0,0.0,2023-05-08 00:45:00,265
2023-05-09,100.0,0.0,2023-05-09 01:15:00,100.0,0.0,2023-05-09 01:30:00,100.0,0.0,2023-05-09 01:15:00,265
2023-05-10,100.0,0.0,2023-05-10 02:00:00,112.5,-0.15,2023-05-10 01:15:00,113.81,-0.16,2023-05-10 02:00:00,265
2023-05-11,100.0,0.0,2023-05-11 00:15:00,106.11,-0.08,2023-05-11 00:15:00,104.07,-0.05,2023-05-11 00:15:00,265
2023-05-12,107.11,-0.09,2023-05-12 03:00:00,112.64,-0.15,2023-05-12 00:15:00,114.59,-0.17,2023-05-12 01:00:00,265
2023-05-13,100.0,0.0,2023-05-13 19:15:00,108.06,-0.1,2023-05-13 00:30:00,105.46,-0.07,2023-05-13 01:00:00,265
2023-05-14,100.0,0.0,2023-05-14 08:15:00,100.0,0.0,2023-05-14 02:15:00,100.0,0.0,2023-05-14 01:45:00,265
2023-05-15,98.61,0.02,2023-05-15 21:30:00,100.0,0.0,2023-05-15 02:00:00,103.89,-0.05,2023-05-15 00:30:00,265
2023-05-16,100.0,0.0,2023-05-16 01:00:00,107.78,-0.1,2023-05-16 00:15:00,107.69,-0.1,2023-05-16 00:15:00,265
2023-05-17,100.0,0.0,2023-05-17 22:30:00,100.0,0.0,2023-05-17 21:30:00,108.11,-0.1,2023-05-17 21:00:00,265
2023-05-18,100.0,0.0,2023-05-18 00:00:00,100.0,0.0,2023-05-18 02:30:00,105.37,-0.07,2023-05-18 01:45:00,265
2023-05-19,100.0,0.0,2023-05-19 01:45:00,106.39,-0.08,2023-05-19 00:45:00,110.59,-0.13,2023-05-19 01:15:00,265
2023-05-20,100.0,0.0,2023-05-20 18:45:00,112.64,-0.15,2023-05-20 17:45:00,111.67,-0.14,2023-05-20 00:00:00,265
2023-05-21,100.0,0.0,2023-05-21 00:00:00,100.0,0.0,2023-05-21 11:30:00,104.63,-0.06,2023-05-21 00:15:00,265
2023-05-22,100.0,0.0,2023-05-22 22:30:00,108.19,-0.1,2023-05-22 00:00:00,108.33,-0.1,2023-05-22 00:15:00,265
2023-05-23,100.0,0.0,2023-05-23 01:15:00,105.97,-0.08,2023-05-23 00:00:00,110.0,-0.12,2023-05-23 00:15:00,265
2023-05-24,100.0,0.0,2023-05-24 00:00:00,104.03,-0.05,2023-05-24 22:00:00,109.54,-0.12,2023-05-24 00:00:00,265
2023-05-25,100.0,0.0,2023-05-25 01:15:00,105.42,-0.07,2023-05-25 00:00:00,108.52,-0.1,2023-05-25 00:15:00,265
2023-05-26,100.0,0.0,2023-05-26 03:15:00,107.61,-0.09,2023-05-26 03:00:00,105.98,-0.08,2023-05-26 01:45:00,265
2023-05-27,100.0,0.0,2023-05-27 00:15:00,105.69,-0.07,2023-05-27 09:30:00,108.3,-0.1,2023-05-27 00:30:00,265
2023-05-28,100.0,0.0,2023-05-28 14:15:00,100.0,0.0,2023-05-28 02:30:00,111.02,-0.13,2023-05-28 01:15:00,265
2023-05-29,100.0,0.0,2023-05-29 00:00:00,100.0,0.0,2023-05-29 00:00:00,100.0,0.0,2023-05-29 00:30:00,265
2023-05-30,100.0,0.0,2023-05-30 01:00:00,101.44,-0.02,2023-05-30 21:15:00,107.96,-0.1,2023-05-30 01:15:00,265
2023-05-31,99.17,0.01,2023-05-31 21:30:00,106.25,-0.08,2023-05-31 03:00:00,109.91,-0.12,2023-05-31 02:00:00,265
2023-06-01,100.0,0.0,2023-06-01 01:00:00,105.64,-0.07,2023-06-01 00:15:00,111.26,-0.13,2023-06-01 00:15:00,265
2023-06-02,100.0,0.0,2023-06-02 02:00:00,104.5,-0.06,2023-06-02 02:30:00,107.07,-0.09,2023-06-02 01:00:00,265
2023-06-03,100.0,0.0,2023-06-03 21:30:00,100.0,0.0,2023-06-03 21:30:00,111.85,-0.14,2023-06-03 07:45:00,265
2023-06-04,100.0,0.0,2023-06-04 23:00:00,108.61,-0.11,2023-06-04 01:45:00,106.67,-0.08,2023-06-04 00:30:00,265
2023-06-05,100.0,0.0,2023-06-05 00:15:00,108.06,-0.1,2023-06-05 00:15:00,109.72,-0.12,2023-06-05 00:00:00,265
2023-06-06,100.0,0.0,2023-06-06 00:30:00,105.0,-0.06,2023-06-06 00:30:00,108.33,-0.1,2023-06-06 00:45:00,265
2023-06-07,98.33,0.02,2023-06-07 01:15:00,102.22,-0.03,2023-06-07 01:30:00,103.43,-0.04,2023-06-07 01:15:00,265
2023-06-08,100.0,0.0,2023-06-08 00:15:00,103.19,-0.04,2023-06-08 00:15:00,109.07,-0.11,2023-06-08 00:00:00,265
2023-06-09,100.0,0.0,2023-06-09 01:45:00,103.47,-0.04,2023-06-09 00:45:00,104.81,-0.06,2023-06-09 00:00:00,265
2023-06-10,100.0,0.0,2023-06-10 00:15:00,100.0,0.0,2023-06-10 00:30:00,106.85,-0.09,2023-06-10 00:00:00,265
2023-06-11,100.0,0.0,2023-06-11 22:45:00,100.0,0.0,2023-06-11 00:30:00,100.0,0.0,2023-06-11 00:45:00,265
2023-06-12,100.0,0.0,2023-06-12 00:30:00,101.89,-0.02,2023-06-12 02:00:00,103.57,-0.05,2023-06-12 00:30:00,265
2023-06-13,100.0,0.0,2023-06-13 00:15:00,100.0,0.0,2023-06-13 00:30:00,101.57,-0.02,2023-06-13 00:00:00,265
2023-06-14,100.0,0.0,2023-06-14 00:15:00,100.42,-0.01,2023-06-14 00:30:00,103.61,-0.05,2023-06-14 00:15:00,265
2023-06-15,100.0,0.0,2023-06-15 00:15:00,100.0,0.0,2023-06-15 00:00:00,107.87,-0.1,2023-06-15 00:00:00,265
2023-06-16,100.0,0.0,2023-06-16 00:15:00,100.0,0.0,2023-06-16 00:00:00,102.78,-0.04,2023-06-16 00:15:00,265
2023-06-17,100.0,0.0,2023-06-17 20:15:00,112.69,-0.15,2023-06-17 01:00:00,119.76,-0.22,2023-06-17 00:45:00,265
2023-06-18,100.0,0.0,2023-06-18 08:15:00,100.0,0.0,2023-06-18 02:30:00,100.0,0.0,2023-06-18 02:15:00,265
2023-06-19,86.78,0.2,2023-06-19 08:15:00,100.0,0.0,2023-06-19 00:30:00,102.96,-0.04,2023-06-19 00:30:00,265
2023-06-20,100.0,0.0,2023-06-20 00:15:00,100.0,0.0,2023-06-20 00:30:00,100.0,0.0,2023-06-20 00:00:00,265
2023-06-21,100.0,0.0,2023-06-21 01:45:00,107.69,-0.1,2023-06-21 02:00:00,108.31,-0.1,2023-06-21 01:00:00,265
2023-06-22,108.78,-0.11,2023-06-22 21:15:00,118.33,-0.21,2023-06-22 00:15:00,121.85,-0.24,2023-06-22 01:00:00,265
2023-06-23,100.0,0.0,2023-06-23 03:30:00,105.97,-0.08,2023-06-23 00:15:00,112.96,-0.15,2023-06-23 21:00:00,265
2023-06-24,100.0,0.0,2023-06-24 08:30:00,103.89,-0.05,2023-06-24 01:15:00,105.37,-0.07,2023-06-24 01:15:00,265
2023-06-25,97.78,0.03,2023-06-25 22:00:00,100.0,0.0,2023-06-25 03:30:00,100.0,0.0,2023-06-25 02:45:00,265
2023-06-26,100.0,0.0,2023-06-26 02:15:00,107.03,-0.09,2023-06-26 02:15:00,107.69,-0.1,2023-06-26 00:15:00,265
2023-06-27,100.0,0.0,2023-06-27 00:00:00,107.08,-0.09,2023-06-27 01:15:00,107.78,-0.1,2023-06-27 00:00:00,265
2023-06-28,101.94,-0.03,2023-06-28 01:30:00,102.31,-0.03,2023-06-28 00:30:00,109.13,-0.11,2023-06-28 00:45:00,265
2023-06-29,104.72,-0.06,2023-06-29 01:30:00,106.67,-0.08,2023-06-29 00:30:00,111.02,-0.13,2023-06-29 00:00:00,265
2023-06-30,100.0,0.0,2023-06-30 00:30:00,106.25,-0.08,2023-06-30 00:15:00,122.56,-0.25,2023-06-30 00:30:00,265
2023-07-01,100.0,0.0,2023-07-01 06:45:00,103.75,-0.05,2023-07-01 06:45:00,105.65,-0.07,2023-07-01 00:00:00,265
2023-07-02,100.0,0.0,2023-07-02 07:45:00,100.0,0.0,2023-07-02 07:15:00,102.87,-0.04,2023-07-02 06:15:00,265
2023-07-03,100.0,0.0,2023-07-03 01:30:00,101.67,-0.02,2023-07-03 01:45:00,108.7,-0.11,2023-07-03 01:30:00,265
2023-07-04,104.17,-0.05,2023-07-04 01:45:00,104.31,-0.06,2023-07-04 00:45:00,113.52,-0.16,2023-07-04 21:00:00,265
2023-07-05,100.0,0.0,2023-07-05 00:00:00,100.0,0.0,2023-07-05 02:00:00,100.0,0.0,2023-07-05 01:00:00,265
2023-07-06,100.0,0.0,2023-07-06 22:30:00,100.0,0.0,2023-07-06 00:30:00,100.0,0.0,2023-07-06 00:15:00,265
2023-07-07,100.0,0.0,2023-07-07 00:00:00,100.0,0.0,2023-07-07 00:15:00,100.0,0.0,2023-07-07 00:30:00,265
2023-07-08,100.0,0.0,2023-07-08 16:30:00,107.92,-0.1,2023-07-08 02:00:00,107.96,-0.1,2023-07-08 00:00:00,265
2023-07-09,100.0,0.0,2023-07-09 03:45:00,104.17,-0.05,2023-07-09 21:15:00,103.61,-0.05,2023-07-09 00:30:00,265
2023-07-10,100.0,0.0,2023-07-10 03:15:00,105.97,-0.08,2023-07-10 03:15:00,108.15,-0.1,2023-07-10 02:00:00,265
2023-07-11,104.17,-0.05,2023-07-11 01:30:00,106.81,-0.08,2023-07-11 01:30:00,111.17,-0.13,2023-07-11 00:00:00,265
2023-07-12,100.0,0.0,2023-07-12 01:30:00,100.0,0.0,2023-07-12 00:15:00,107.28,-0.09,2023-07-12 00:15:00,265
2023-07-13,100.0,0.0,2023-07-13 22:45:00,103.06,-0.04,2023-07-13 01:30:00,108.7,-0.11,2023-07-13 01:30:00,265
2023-07-14,100.0,0.0,2023-07-14 00:00:00,100.0,0.0,2023-07-14 00:00:00,105.09,-0.06,2023-07-14 00:00:00,265
2023-07-15,100.0,0.0,2023-07-15 23:00:00,100.0,0.0,2023-07-15 01:15:00,100.0,0.0,2023-07-15 01:15:00,265
2023-07-16,100.0,0.0,2023-07-16 23:00:00,100.0,0.0,2023-07-16 02:30:00,100.0,0.0,2023-07-16 01:45:00,265
2023-07-17,100.0,0.0,2023-07-17 01:15:00,102.78,-0.04,2023-07-17 01:15:00,105.5,-0.07,2023-07-17 01:15:00,265
2023-07-18,104.44,-0.06,2023-07-18 00:45:00,109.36,-0.11,2023-07-18 00:45:00,115.54,-0.18,2023-07-18 00:45:00,265
2023-07-19,100.0,0.0,2023-07-19 00:45:00,102.5,-0.03,2023-07-19 00:15:00,108.8,-0.11,2023-07-19 00:00:00,265
2023-07-20,100.0,0.0,2023-07-20 00:45:00,104.58,-0.06,2023-07-20 00:00:00,108.43,-0.1,2023-07-20 00:15:00,265
2023-07-21,100.0,0.0,2023-07-21 02:00:00,100.0,0.0,2023-07-21 00:15:00,102.54,-0.03,2023-07-21 00:15:00,265
2023-07-22,98.33,0.02,2023-07-22 23:00:00,100.0,0.0,2023-07-22 00:00:00,103.83,-0.05,2023-07-22 00:00:00,265
2023-07-23,100.0,0.0,2023-07-23 16:00:00,100.0,0.0,2023-07-23 07:45:00,104.54,-0.06,2023-07-23 03:45:00,265
2023-07-24,100.0,0.0,2023-07-24 00:15:00,109.78,-0.12,2023-07-24 00:00:00,107.81,-0.1,2023-07-24 00:00:00,265
2023-07-25,109.0,-0.11,2023-07-25 00:00:00,111.33,-0.14,2023-07-25 00:15:00,116.44,-0.19,2023-07-25 00:00:00,265
2023-07-26,116.44,-0.19,2023-07-26 09:00:00,119.67,-0.22,2023-07-26 07:45:00,122.3,-0.24,2023-07-26 07:15:00,265
2023-07-27,106.67,-0.08,2023-07-27 01:15:00,112.86,-0.15,2023-07-27 00:30:00,117.67,-0.2,2023-07-27 00:30:00,265
2023-07-28,108.83,-0.11,2023-07-28 22:45:00,115.53,-0.18,2023-07-28 01:45:00,120.65,-0.23,2023-07-28 00:15:00,265
2023-07-29,105.39,-0.07,2023-07-29 01:30:00,106.31,-0.08,2023-07-29 00:30:00,109.39,-0.11,2023-07-29 00:15:00,265
2023-07-30,104.17,-0.05,2023-07-30 07:30:00,111.31,-0.14,2023-07-30 06:30:00,124.72,-0.26,2023-07-30 06:00:00,265
2023-07-31,106.67,-0.08,2023-07-31 20:45:00,111.25,-0.13,2023-07-31 02:00:00,117.87,-0.2,2023-07-31 01:30:00,265
2023-08-01,100.0,0.0,2023-08-01 01:15:00,103.89,-0.05,2023-08-01 00:30:00,105.74,-0.07,2023-08-01 00:00:00,265
2023-08-02,100.0,0.0,2023-08-02 03:30:00,104.17,-0.05,2023-08-02 00:15:00,108.7,-0.11,2023-08-02 00:15:00,265
2023-08-03,100.0,0.0,2023-08-03 01:15:00,100.14,-0.0,2023-08-03 00:15:00,104.54,-0.06,2023-08-03 00:00:00,265
2023-08-04,100.0,0.0,2023-08-04 22:30:00,101.53,-0.02,2023-08-04 00:30:00,106.61,-0.08,2023-08-04 20:30:00,265
2023-08-05,100.0,0.0,2023-08-05 06:15:00,102.78,-0.04,2023-08-05 21:45:00,105.28,-0.07,2023-08-05 20:45:00,265
2023-08-06,100.0,0.0,2023-08-06 21:00:00,100.0,0.0,2023-08-06 20:00:00,100.0,0.0,2023-08-06 20:15:00,265
2023-08-07,93.33,0.1,2023-08-07 16:30:00,102.78,-0.04,2023-08-07 02:30:00,106.2,-0.08,2023-08-07 01:30:00,265
2023-08-08,100.0,0.0,2023-08-08 00:15:00,100.0,0.0,2023-08-08 00:00:00,104.07,-0.05,2023-08-08 00:15:00,265
2023-08-09,100.0,0.0,2023-08-09 21:00:00,106.11,-0.08,2023-08-09 00:45:00,111.67,-0.14,2023-08-09 21:00:00,265
2023-08-10,98.44,0.02,2023-08-10 00:00:00,99.22,0.01,2023-08-10 00:00:00,113.0,-0.15,2023-08-10 00:00:00,265
2023-08-11,100.0,0.0,2023-08-11 01:00:00,103.75,-0.05,2023-08-11 01:00:00,105.19,-0.07,2023-08-11 00:00:00,265
2023-08-12,100.0,0.0,2023-08-12 06:15:00,104.17,-0.05,2023-08-12 01:45:00,105.56,-0.07,2023-08-12 01:15:00,265
2023-08-13,100.0,0.0,2023-08-13 09:15:00,100.0,0.0,2023-08-13 01:15:00,100.93,-0.01,2023-08-13 01:30:00,265
2023-08-14,100.0,0.0,2023-08-14 00:00:00,107.22,-0.09,2023-08-14 00:15:00,107.69,-0.1,2023-08-14 00:00:00,265
2023-08-15,100.0,0.0,2023-08-15 00:00:00,100.0,0.0,2023-08-15 05:45:00,103.24,-0.04,2023-08-15 05:30:00,265
2023-08-16,100.0,0.0,2023-08-16 21:15:00,102.36,-0.03,2023-08-16 01:00:00,110.19,-0.12,2023-08-16 01:15:00,265
2023-08-17,100.0,0.0,2023-08-17 00:15:00,110.69,-0.13,2023-08-17 00:30:00,111.15,-0.13,2023-08-17 00:30:00,265
2023-08-18,100.0,0.0,2023-08-18 00:15:00,108.61,-0.11,2023-08-18 00:15:00,107.87,-0.1,2023-08-18 00:00:00,265
2023-08-19,100.0,0.0,2023-08-19 04:45:00,102.86,-0.04,2023-08-19 01:30:00,107.26,-0.09,2023-08-19 00:00:00,265
2023-08-20,100.0,0.0,2023-08-20 18:30:00,100.0,0.0,2023-08-20 01:45:00,102.78,-0.04,2023-08-20 00:45:00,265
2023-08-21,100.0,0.0,2023-08-21 01:15:00,100.83,-0.01,2023-08-21 01:15:00,103.89,-0.05,2023-08-21 00:15:00,265
2023-08-22,100.0,0.0,2023-08-22 01:45:00,100.0,0.0,2023-08-22 01:00:00,101.94,-0.03,2023-08-22 00:00:00,265
2023-08-23,100.0,0.0,2023-08-23 22:30:00,112.17,-0.14,2023-08-23 00:00:00,112.28,-0.15,2023-08-23 00:00:00,265
2023-08-24,100.0,0.0,2023-08-24 01:45:00,101.81,-0.02,2023-08-24 01:45:00,107.13,-0.09,2023-08-24 00:45:00,265
2023-08-25,100.0,0.0,2023-08-25 01:45:00,104.39,-0.06,2023-08-25 01:00:00,106.59,-0.08,2023-08-25 01:15:00,265
2023-08-26,100.0,0.0,2023-08-26 03:00:00,103.89,-0.05,2023-08-26 00:30:00,106.11,-0.08,2023-08-26 00:30:00,265
2023-08-27,100.0,0.0,2023-08-27 05:45:00,100.0,0.0,2023-08-27 00:45:00,104.63,-0.06,2023-08-27 08:30:00,265
2023-08-28,100.0,0.0,2023-08-28 02:15:00,100.0,0.0,2023-08-28 02:30:00,100.0,0.0,2023-08-28 01:30:00,265
2023-08-29,108.17,-0.1,2023-08-29 17:30:00,122.03,-0.24,2023-08-29 17:45:00,132.56,-0.33,2023-08-29 01:45:00,265
2023-08-30,108.33,-0.1,2023-08-30 03:15:00,122.47,-0.24,2023-08-30 02:15:00,122.52,-0.25,2023-08-30 01:15:00,265
2023-08-31,113.22,-0.16,2023-08-31 02:45:00,120.25,-0.22,2023-08-31 01:45:00,123.26,-0.25,2023-08-31 00:45:00,265
2023-09-01,102.22,-0.03,2023-09-01 03:15:00,109.94,-0.12,2023-09-01 00:00:00,114.56,-0.17,2023-09-01 00:45:00,265
2023-09-02,100.0,0.0,2023-09-02 00:00:00,100.0,0.0,2023-09-02 00:15:00,101.57,-0.02,2023-09-02 00:00:00,265
2023-09-03,100.0,0.0,2023-09-03 10:30:00,100.0,0.0,2023-09-03 03:00:00,108.33,-0.1,2023-09-03 02:00:00,265
2023-09-04,100.0,0.0,2023-09-04 00:00:00,100.0,0.0,2023-09-04 00:00:00,102.87,-0.04,2023-09-04 00:00:00,265
2023-09-05,106.67,-0.08,2023-09-05 00:15:00,109.58,-0.12,2023-09-05 00:00:00,116.8,-0.19,2023-09-05 00:15:00,265
2023-09-06,100.0,0.0,2023-09-06 23:00:00,100.0,0.0,2023-09-06 21:30:00,100.0,0.0,2023-09-06 20:45:00,265
2023-09-07,100.0,0.0,2023-09-07 00:00:00,100.0,0.0,2023-09-07 00:15:00,102.13,-0.03,2023-09-07 00:00:00,265
2023-09-08,100.0,0.0,2023-09-08 00:30:00,100.0,0.0,2023-09-08 00:30:00,108.15,-0.1,2023-09-08 00:30:00,265
2023-09-09,100.0,0.0,2023-09-09 00:15:00,100.0,0.0,2023-09-09 07:30:00,102.87,-0.04,2023-09-09 00:15:00,265
2023-09-10,100.0,0.0,2023-09-10 01:15:00,100.0,0.0,2023-09-10 01:15:00,103.15,-0.04,2023-09-10 00:15:00,265
2023-09-11,99.17,0.01,2023-09-11 02:00:00,100.83,-0.01,2023-09-11 02:00:00,105.83,-0.07,2023-09-11 01:30:00,265
2023-09-12,100.0,0.0,2023-09-12 00:00:00,100.0,0.0,2023-09-12 00:00:00,102.78,-0.04,2023-09-12 00:00:00,265
2023-09-13,100.0,0.0,2023-09-13 00:15:00,100.0,0.0,2023-09-13 00:00:00,105.06,-0.06,2023-09-13 00:00:00,265
2023-09-14,100.0,0.0,2023-09-14 23:00:00,100.0,0.0,2023-09-14 20:45:00,100.0,0.0,2023-09-14 20:45:00,265
2023-09-15,100.0,0.0,2023-09-15 00:15:00,100.0,0.0,2023-09-15 00:00:00,100.0,0.0,2023-09-15 00:00:00,265
2023-09-16,100.0,0.0,2023-09-16 01:15:00,103.67,-0.05,2023-09-16 00:15:00,105.22,-0.07,2023-09-16 00:15:00,265
2023-09-17,100.0,0.0,2023-09-17 03:00:00,100.0,0.0,2023-09-17 03:00:00,104.44,-0.06,2023-09-17 02:15:00,265
2023-09-18,100.0,0.0,2023-09-18 00:00:00,100.0,0.0,2023-09-18 02:15:00,102.96,-0.04,2023-09-18 00:00:00,265
2023-09-19,100.0,0.0,2023-09-19 00:15:00,103.06,-0.04,2023-09-19 00:00:00,111.57,-0.14,2023-09-19 00:30:00,265
2023-09-20,100.0,0.0,2023-09-20 00:15:00,105.14,-0.07,2023-09-20 00:30:00,111.02,-0.13,2023-09-20 20:15:00,265
2023-09-21,97.61,0.03,2023-09-21 08:30:00,104.31,-0.06,2023-09-21 00:45:00,113.06,-0.15,2023-09-21 00:00:00,265
2023-09-22,100.0,0.0,2023-09-22 00:45:00,101.89,-0.02,2023-09-22 00:00:00,106.85,-0.09,2023-09-22 00:00:00,265
2023-09-23,100.0,0.0,2023-09-23 14:15:00,100.0,0.0,2023-09-23 00:30:00,109.11,-0.11,2023-09-23 00:00:00,265
2023-09-24,100.0,0.0,2023-09-24 23:00:00,105.28,-0.07,2023-09-24 02:30:00,107.59,-0.09,2023-09-24 01:30:00,265
2023-09-25,100.0,0.0,2023-09-25 01:45:00,104.86,-0.06,2023-09-25 02:00:00,103.24,-0.04,2023-09-25 01:45:00,265
2023-09-26,110.28,-0.12,2023-09-26 18:30:00,119.61,-0.22,2023-09-26 21:15:00,123.59,-0.25,2023-09-26 21:00:00,265
2023-09-27,107.67,-0.09,2023-09-27 00:15:00,115.81,-0.18,2023-09-27 01:45:00,117.15,-0.2,2023-09-27 00:15:00,265
2023-09-28,113.22,-0.16,2023-09-28 17:15:00,122.72,-0.25,2023-09-28 02:15:00,126.07,-0.28,2023-09-28 01:45:00,265
2023-09-29,113.61,-0.16,2023-09-29 11:15:00,121.58,-0.24,2023-09-29 00:00:00,121.46,-0.24,2023-09-29 00:00:00,265
2023-09-30,100.0,0.0,2023-09-30 22:00:00,104.58,-0.06,2023-09-30 21:30:00,103.43,-0.04,2023-09-30 01:00:00,265
2023-10-01,100.0,0.0,2023-10-01 09:45:00,100.0,0.0,2023-10-01 09:45:00,109.13,-0.11,2023-10-01 09:15:00,265
2023-10-02,100.0,0.0,2023-10-02 00:45:00,103.61,-0.05,2023-10-02 02:30:00,104.91,-0.06,2023-10-02 01:00:00,265
2023-10-03,100.0,0.0,2023-10-03 00:15:00,100.0,0.0,2023-10-03 00:30:00,100.0,0.0,2023-10-03 00:45:00,265
2023-10-04,97.78,0.03,2023-10-04 02:00:00,98.89,0.01,2023-10-04 01:00:00,99.26,0.01,2023-10-04 00:00:00,265
2023-10-05,67.78,0.63,2023-10-05 08:30:00,77.78,0.38,2023-10-05 07:30:00,92.74,0.1,2023-10-05 07:00:00,265
2023-10-06,100.0,0.0,2023-10-06 00:00:00,100.0,0.0,2023-10-06 00:15:00,105.19,-0.07,2023-10-06 00:00:00,265
2023-10-07,100.0,0.0,2023-10-07 01:00:00,102.78,-0.04,2023-10-07 00:15:00,104.44,-0.06,2023-10-07 00:30:00,265
2023-10-08,100.0,0.0,2023-10-08 06:15:00,100.0,0.0,2023-10-08 01:45:00,103.06,-0.04,2023-10-08 01:30:00,265
2023-10-09,97.33,0.04,2023-10-09 03:30:00,108.19,-0.1,2023-10-09 00:00:00,107.72,-0.1,2023-10-09 01:30:00,265
2023-10-10,100.0,0.0,2023-10-10 01:15:00,106.39,-0.08,2023-10-10 01:30:00,108.52,-0.1,2023-10-10 00:30:00,265
2023-10-11,83.17,0.27,2023-10-11 00:45:00,94.92,0.07,2023-10-11 01:00:00,100.31,-0.0,2023-10-11 00:30:00,265
2023-10-12,100.0,0.0,2023-10-12 00:15:00,100.0,0.0,2023-10-12 00:00:00,107.41,-0.09,2023-10-12 00:30:00,265
2023-10-13,100.0,0.0,2023-10-13 00:30:00,104.31,-0.06,2023-10-13 00:30:00,107.54,-0.09,2023-10-13 00:30:00,265
2023-10-14,100.0,0.0,2023-10-14 23:00:00,100.0,0.0,2023-10-14 01:15:00,103.24,-0.04,2023-10-14 00:15:00,265
2023-10-15,100.0,0.0,2023-10-15 00:15:00,100.0,0.0,2023-10-15 00:30:00,100.0,0.0,2023-10-15 00:15:00,265
2023-10-16,100.0,0.0,2023-10-16 23:00:00,100.0,0.0,2023-10-16 22:00:00,100.0,0.0,2023-10-16 21:00:00,265
2023-10-17,100.0,0.0,2023-10-17 23:00:00,100.0,0.0,2023-10-17 00:30:00,100.0,0.0,2023-10-17 00:45:00,265
2023-10-18,100.0,0.0,2023-10-18 23:00:00,100.0,0.0,2023-10-18 00:30:00,106.39,-0.08,2023-10-18 00:00:00,265
2023-10-19,100.0,0.0,2023-10-19 03:30:00,105.42,-0.07,2023-10-19 02:45:00,108.33,-0.1,2023-10-19 01:00:00,265
2023-10-20,100.0,0.0,2023-10-20 00:00:00,102.5,-0.03,2023-10-20 00:00:00,106.35,-0.08,2023-10-20 00:00:00,265
2023-10-21,100.0,0.0,2023-10-21 00:00:00,100.0,0.0,2023-10-21 00:00:00,100.0,0.0,2023-10-21 00:00:00,265
2023-10-22,100.0,0.0,2023-10-22 02:30:00,100.0,0.0,2023-10-22 02:15:00,100.0,0.0,2023-10-22 00:45:00,265
2023-10-23,100.0,0.0,2023-10-23 02:15:00,100.0,0.0,2023-10-23 01:45:00,100.93,-0.01,2023-10-23 01:45:00,265
2023-10-24,100.0,0.0,2023-10-24 00:00:00,100.0,0.0,2023-10-24 00:15:00,103.43,-0.04,2023-10-24 00:00:00,265
2023-10-25,100.0,0.0,2023-10-25 00:00:00,100.0,0.0,2023-10-25 00:00:00,105.56,-0.07,2023-10-25 00:00:00,265
2023-10-26,98.33,0.02,2023-10-26 00:45:00,99.17,0.01,2023-10-26 00:00:00,102.59,-0.03,2023-10-26 00:00:00,265
2023-10-27,98.61,0.02,2023-10-27 00:45:00,99.31,0.01,2023-10-27 01:00:00,101.28,-0.02,2023-10-27 00:30:00,265
2023-10-28,100.0,0.0,2023-10-28 00:15:00,103.47,-0.04,2023-10-28 00:15:00,108.24,-0.1,2023-10-28 00:15:00,265
2023-10-29,100.0,0.0,2023-10-29 02:30:00,104.58,-0.06,2023-10-29 03:00:00,106.67,-0.08,2023-10-29 01:30:00,265
2023-10-30,100.0,0.0,2023-10-30 23:00:00,107.22,-0.09,2023-10-30 22:00:00,112.41,-0.15,2023-10-30 21:00:00,265
2023-10-31,100.0,0.0,2023-10-31 02:15:00,100.0,0.0,2023-10-31 02:15:00,106.67,-0.08,2023-10-31 01:15:00,265
2023-11-01,100.0,0.0,2023-11-01 23:00:00,105.14,-0.07,2023-11-01 01:00:00,107.96,-0.1,2023-11-01 00:00:00,265
2023-11-02,100.0,0.0,2023-11-02 00:15:00,106.67,-0.08,2023-11-02 00:00:00,104.44,-0.06,2023-11-02 00:00:00,265
2023-11-03,104.44,-0.06,2023-11-03 01:15:00,107.44,-0.09,2023-11-03 00:00:00,109.26,-0.11,2023-11-03 01:15:00,265
2023-11-04,100.0,0.0,2023-11-04 00:00:00,113.33,-0.16,2023-11-04 01:30:00,114.91,-0.17,2023-11-04 01:15:00,265
2023-11-05,99.44,0.01,2023-11-05 23:00:00,104.17,-0.05,2023-11-05 00:30:00,108.52,-0.1,2023-11-05 00:45:00,265
2023-11-06,100.0,0.0,2023-11-06 00:15:00,100.0,0.0,2023-11-06 00:30:00,100.0,0.0,2023-11-06 00:45:00,265
2023-11-07,84.72,0.24,2023-11-07 07:45:00,99.0,0.01,2023-11-07 06:30:00,110.76,-0.13,2023-11-07 05:45:00,265
2023-11-08,100.0,0.0,2023-11-08 02:00:00,108.19,-0.1,2023-11-08 01:00:00,112.22,-0.15,2023-11-08 01:15:00,265
2023-11-09,100.0,0.0,2023-11-09 00:15:00,101.25,-0.02,2023-11-09 00:15:00,107.96,-0.1,2023-11-09 00:00:00,265
2023-11-10,100.0,0.0,2023-11-10 22:30:00,111.44,-0.14,2023-11-10 00:15:00,120.0,-0.22,2023-11-10 00:15:00,265
2023-11-11,100.0,0.0,2023-11-11 22:30:00,103.61,-0.05,2023-11-11 21:30:00,110.28,-0.12,2023-11-11 00:00:00,265
2023-11-12,97.89,0.03,2023-11-12 01:15:00,104.56,-0.06,2023-11-12 00:15:00,111.65,-0.14,2023-11-12 00:00:00,265
2023-11-13,100.0,0.0,2023-11-13 21:30:00,100.0,0.0,2023-11-13 21:45:00,105.65,-0.07,2023-11-13 01:00:00,265
2023-11-14,100.0,0.0,2023-11-14 23:00:00,100.0,0.0,2023-11-14 21:30:00,100.0,0.0,2023-11-14 00:30:00,265
2023-11-15,100.0,0.0,2023-11-15 00:00:00,100.0,0.0,2023-11-15 00:00:00,100.0,0.0,2023-11-15 00:15:00,265
2023-11-16,102.22,-0.03,2023-11-16 01:00:00,109.86,-0.12,2023-11-16 00:00:00,115.83,-0.18,2023-11-16 00:00:00,265
2023-11-17,100.0,0.0,2023-11-17 03:15:00,112.14,-0.14,2023-11-17 00:00:00,114.94,-0.17,2023-11-17 00:00:00,265
2023-11-18,100.0,0.0,2023-11-18 21:00:00,104.44,-0.06,2023-11-18 00:00:00,107.04,-0.09,2023-11-18 00:15:00,265
2023-11-19,100.0,0.0,2023-11-19 01:45:00,103.61,-0.05,2023-11-19 01:00:00,107.09,-0.09,2023-11-19 00:15:00,265
2023-11-20,100.0,0.0,2023-11-20 00:00:00,100.0,0.0,2023-11-20 00:15:00,102.96,-0.04,2023-11-20 00:30:00,265
2023-11-21,100.0,0.0,2023-11-21 00:15:00,100.0,0.0,2023-11-21 00:30:00,101.67,-0.02,2023-11-21 00:00:00,265
2023-11-22,100.0,0.0,2023-11-22 02:00:00,105.56,-0.07,2023-11-22 01:15:00,110.78,-0.13,2023-11-22 01:00:00,265
2023-11-23,106.67,-0.08,2023-11-23 01:00:00,112.14,-0.14,2023-11-23 01:15:00,114.67,-0.17,2023-11-23 01:00:00,265
2023-11-24,103.06,-0.04,2023-11-24 01:15:00,109.78,-0.12,2023-11-24 01:15:00,108.28,-0.1,2023-11-24 01:15:00,265
2023-11-25,100.0,0.0,2023-11-25 01:00:00,104.44,-0.06,2023-11-25 01:00:00,106.39,-0.08,2023-11-25 00:30:00,265
2023-11-26,100.0,0.0,2023-11-26 00:15:00,100.0,0.0,2023-11-26 00:30:00,102.78,-0.04,2023-11-26 00:15:00,265
2023-11-27,100.0,0.0,2023-11-27 00:15:00,104.58,-0.06,2023-11-27 00:15:00,108.06,-0.1,2023-11-27 00:30:00,265
2023-11-28,100.0,0.0,2023-11-28 01:00:00,103.0,-0.04,2023-11-28 01:00:00,109.78,-0.12,2023-11-28 00:00:00,265
2023-11-29,100.0,0.0,2023-11-29 22:30:00,108.19,-0.1,2023-11-29 22:00:00,115.09,-0.17,2023-11-29 00:30:00,265
2023-11-30,107.22,-0.09,2023-11-30 01:30:00,111.89,-0.14,2023-11-30 01:00:00,118.02,-0.2,2023-11-30 00:00:00,265
2023-12-01,100.0,0.0,2023-12-01 01:15:00,109.17,-0.11,2023-12-01 00:15:00,113.7,-0.16,2023-12-01 00:30:00,265
2023-12-02,100.0,0.0,2023-12-02 02:30:00,106.5,-0.08,2023-12-02 19:00:00,110.46,-0.13,2023-12-02 00:15:00,265
2023-12-03,100.0,0.0,2023-12-03 01:45:00,107.36,-0.09,2023-12-03 01:15:00,111.94,-0.14,2023-12-03 01:45:00,265
2023-12-04,99.44,0.01,2023-12-04 21:45:00,104.11,-0.05,2023-12-04 00:15:00,105.24,-0.07,2023-12-04 00:00:00,265
2023-12-05,103.33,-0.04,2023-12-05 21:30:00,110.56,-0.13,2023-12-05 21:30:00,112.37,-0.15,2023-12-05 00:00:00,265
2023-12-06,101.67,-0.02,2023-12-06 01:45:00,102.64,-0.03,2023-12-06 01:15:00,110.65,-0.13,2023-12-06 00:00:00,265
2023-12-07,100.0,0.0,2023-12-07 01:30:00,115.42,-0.18,2023-12-07 00:45:00,123.06,-0.25,2023-12-07 00:00:00,265
2023-12-08,100.0,0.0,2023-12-08 01:15:00,103.06,-0.04,2023-12-08 00:15:00,109.07,-0.11,2023-12-08 00:00:00,265
2023-12-09,100.0,0.0,2023-12-09 23:00:00,100.0,0.0,2023-12-09 22:00:00,103.24,-0.04,2023-12-09 21:00:00,265
2023-12-10,100.0,0.0,2023-12-10 02:00:00,100.97,-0.01,2023-12-10 01:15:00,100.65,-0.01,2023-12-10 01:30:00,265
2023-12-11,100.0,0.0,2023-12-11 00:00:00,105.33,-0.07,2023-12-11 00:00:00,111.06,-0.13,2023-12-11 00:15:00,265
2023-12-12,100.0,0.0,2023-12-12 02:30:00,109.17,-0.11,2023-12-12 01:45:00,114.94,-0.17,2023-12-12 00:15:00,265
2023-12-13,100.0,0.0,2023-12-13 22:30:00,104.86,-0.06,2023-12-13 00:15:00,107.31,-0.09,2023-12-13 01:00:00,265
2023-12-14,100.0,0.0,2023-12-14 01:15:00,101.39,-0.02,2023-12-14 01:30:00,104.07,-0.05,2023-12-14 00:45:00,265
2023-12-15,100.0,0.0,2023-12-15 01:15:00,106.67,-0.08,2023-12-15 00:00:00,107.5,-0.09,2023-12-15 00:00:00,265
2023-12-16,100.0,0.0,2023-12-16 01:15:00,102.64,-0.03,2023-12-16 01:30:00,106.39,-0.08,2023-12-16 01:15:00,265
2023-12-17,100.0,0.0,2023-12-17 02:30:00,100.0,0.0,2023-12-17 02:00:00,106.2,-0.08,2023-12-17 00:45:00,265
2023-12-18,99.17,0.01,2023-12-18 00:45:00,100.14,-0.0,2023-12-18 00:00:00,105.19,-0.07,2023-12-18 00:15:00,265
2023-12-19,100.0,0.0,2023-12-19 02:00:00,104.44,-0.06,2023-12-19 01:00:00,109.44,-0.12,2023-12-19 01:00:00,265
2023-12-20,100.0,0.0,2023-12-20 01:15:00,105.56,-0.07,2023-12-20 01:15:00,110.74,-0.13,2023-12-20 00:15:00,265
2023-12-21,100.0,0.0,2023-12-21 00:00:00,103.47,-0.04,2023-12-21 00:15:00,104.02,-0.05,2023-12-21 00:00:00,265
2023-12-22,107.78,-0.1,2023-12-22 01:15:00,107.92,-0.1,2023-12-22 00:30:00,116.2,-0.19,2023-12-22 00:15:00,265
2023-12-23,100.0,0.0,2023-12-23 21:00:00,100.0,0.0,2023-12-23 02:00:00,105.28,-0.07,2023-12-23 01:15:00,265
2023-12-24,100.0,0.0,2023-12-24 00:00:00,100.0,0.0,2023-12-24 00:30:00,100.0,0.0,2023-12-24 00:30:00,265
2023-12-25,100.0,0.0,2023-12-25 08:00:00,100.0,0.0,2023-12-25 07:15:00,113.56,-0.16,2023-12-25 05:15:00,265
2023-12-26,100.0,0.0,2023-12-26 23:00:00,103.61,-0.05,2023-12-26 01:30:00,105.0,-0.06,2023-12-26 00:15:00,265
2023-12-27,100.0,0.0,2023-12-27 01:00:00,103.75,-0.05,2023-12-27 01:15:00,105.46,-0.07,2023-12-27 00:00:00,265
2023-12-28,100.0,0.0,2023-12-28 02:45:00,106.53,-0.08,2023-12-28 22:00:00,111.11,-0.13,2023-12-28 01:15:00,265
2023-12-29,100.0,0.0,2023-12-29 02:45:00,100.0,0.0,2023-12-29 02:00:00,107.31,-0.09,2023-12-29 01:00:00,265
2023-12-30,100.0,0.0,2023-12-30 03:00:00,100.0,0.0,2023-12-30 02:00:00,103.52,-0.05,2023-12-30 01:00:00,265
2023-12-31,100.0,0.0,2023-12-31 23:00:00,100.0,0.0,2023-12-31 22:00:00,106.02,-0.08,2023-12-31 00:15:00,265
